44
14
5
6
1611
5
7
15
18
5
7
12
7
11
28
6
7
9
50
8
22
37
9
10
42
95
84
29
10
30
107
14
74
6
10
6
6
25
8
6
71
23
19
60
6
10
7
112
6
7
41
7
62
288
6
173
9
10
12
2
149
31
114
67
30
18
6
18
125
5
5
13
9
18
10
6
9
13
8
43
7
13
27
11
13
55
21
14
11
6
8
11
71
10
7
15
6
43
6
16
10
6
7
80
8
20
5
92
8
21
15
6
6
14
7
20
13
29
39
6
21
24
8
50
17
7
7
16
24
9
8
9
103
10
7
10
155
84
6
7
24
30
136
12
6
11
17
21
18
6
6
33
8
8
5
5
568
6
7
12
6
8
7
6
7
6
9
6
51
13
18
6
13
168
7541
13
16
7
273
13
15
37
38
11
6
13
8
6
36
14
28
34
19
10
6
7
62
11
24
8
7
314
16
37
36
9
10
7
40
8
54
271
6
18
28
114
10
14
39
7
5
78
7
32
197
14
6
5
9
33
17
6
11
20
17
2005
71
94
10
14
6
32
6
56
28
8
19
22
7
9
5
11
32
51
15
7
21
14
6
8
14
19
7
372
8
41
264
107
6
57
6
23
11
8
21
6
8
7
85
11
22
27
9
9
20
6
9
8
28
7
13
11
46
6
50
17
59
221
12
23
138
192
21196
6
4724
13
21
8
922
8
25
9
457
18
1850
21
11
13
5
6
310
28
17
66
15
5
12
6
30
5
71
7
35
18
20
86
24
8
6
11
9
32
18
939
6
7
7
14
66
409
8
40
17
8
7
9
32
10
8
8
9
10
75
24
10
10
53
10
588
7
7
14
7
12
7
7
18
11
5
70
21
6
34
6
21
6
431
7
29
79
9
614
7
38
7
6
28
7
12
14
9
66
21
10
476
26
5
9
10
21
87
10
88
85
8
160
129
23
6
1838
7
34
13
37
23
82
56
8
484
138
89
51
6
37
41
7
13
8
9
11
10
10
14
26
84
5
135
37
7
19
22
10
5
6
6
99
7
249
23
64
77
17
14
45
225
56
6
9
41
36
9
150
11
7
129
12
6
19
16
137
10
8
10
10
16
17
74
91
88
22
39
109
11
25
305
9
40
52
8
25
14
46
11
11
7
191
5
272
11
9
120
8
10
5
8
8
954
6
9
14
1159
17
46
270
8
3
6
7
11
5
18
45
15
8
23
21
22
13
17
7
10
79
204
18
313
13
47
17
94
13
7
121
20
127
24
32
14
12
9
8
8
6
12
19
9
309
30
6
7
25
6
50
8
6
15
72
1
31
14
149
8
32
6
43
31
21
30
26
5
15
43
6
6
7
10
22
30
9
26
6
6
39
18
179
11
10
61
284
9
19
65
6
11
39
8
8
611
11
19
6
8
10
10
134
22
90
30
13
123
25
2379
5
32
5
107
50
7
29
56
13
328
24
14
12
6
41
149
8
7
17
6
6
7
8
20
42
10
22
27
10
11
39
13
5
7
39
13
6
6
10
155
11
9
6
58
8
7
9
32
218
6
4073
4
11
10
22
22
34
140
54
6
7
13
23
8
8
39
123
24
10
40
26
9
9
10
63
11
17
5
21
174
6
6
29
7
6
4
12
10
75
25
13
25
192
11
8
18
19
11
18
574
7
10
109
12
15
8
11
16
75
11
182
4
6
16
6
17
6
23
12
154
135
154
17
71
6
6
35
45
3
6
190
24
350
9
11
24
19
11
11
18
6
22
302
175
6
40
18
42
7
9
9
5
6
16
117
12
4
35
10
24
6
10
6
87
25
50
9
6
64
33
7
7
10
5
9
9
17
21
8
6
22
10
60
8
22
12
39
12
29
611
71
17
6
56
25
41
14
40
10
13
18
17
15
24
12
35
36
13
7
8
27
55
3477
12
6
9
525
58
39
9
10
88
16
9
6
12
6
15
28
7
8
5
16
136
12
94
50
8
17
71
14
6
6
30
45
36
6
17
1
27
188
24
37
6
15
88
8
88
42
9
6
7
25
17
50
16
5
5
14
11
7
19
7
13
8
38
20
17
18
40
9
6
96
14
164
773
6
69
26
11
23
119
7
5
16
2308
5
8
6
25
15
8
8
15
16
76
49
6
7
6
9
16
378
6
11
51
18
45
11
14
10
17
13
29
41
10
16
13
651
6
7
15
24
9
12
10
9
366
13
15
8
8
6
42
10
6
188
21
72
20
266
52
17
8
6
11
19
7
8
3
92
8
16
11
10
26
17
11
16
33
8
43
8
18
34
17
12
6
20
79
60
12
13
150
5
33
8
39
104
63
22
19
10
19
16
9
6
5
36
6
339
19
11
74
9
92
64
13
6
27
8
7
44
49
27
32
20
9
11
141
12
7
15
23
47
6
20
790
21
10
69
21
41
28
9
15
5
40
20
23
6
6
14
45
7
78
9
19
57
7
13
12
53
17
36
52
7
6
6
28
2220
10
7
25
91
6
28
9
6
220
32
128
106
66
12
41
6
44
546
6
8
15
18
12
6
29
16
10
21
38
6
9
15
110
39
6
5
5
20
38
27
14
16
17
8
64
64
15
6
20
76
368
30
109
7
167
26
25
16
213
26
9
9
3270
9
24
42
123
150
27
7
16
12
8
9
5
12
7
8
5
11
83
6
17
32
7
248
7
6
156
14
5
36
27
82
7
61
99
9
11
7
25
101
7
35
452
15
10
8
26
11
43
10
10
107
9
357
7
66
25
20
7
7
11
5
68
5
70
8
19
10
15
372
7
8
14
5
6
338
45
83
15
34
72
36
7
130
12
20
1272
8
9
52
9
150
26
7
8
80
86
138
31
11
7
11
9
56
5
102
9
38
28
6
234
27
6
9
1764
63
22
3
36
13
122
55
10
16
6
17
247
16
33
191
627
8
16
8
14
31
9
6
10
19
26
15
9
10
6
9
8
21
8
7
8
14
30
5
5
41
5
12
34
11
9
7
10
4
16
16
16
13
6
17
5
12
18
11
30
347
7
15
44
7
72
4
6
24
63
16
6
34
105
9
17
17
1
11
26
45
7
7
7
25
42
7
5
14
13
33
53
5
23
29
22
8
52
7
13
13
7
15
38
7
13
343
13
22
6
45
8
8
8
112
6
2
6
12
25
40
67
7
14
16
18
10
10
11
6
10
19
258
9
3
6
8
65
15
480
62
20
16
7
12
127
38
17
961
8
65
35
5
29
9
14
6
35
17
37
8
165
44
6
122
111
7
7
1
18
8
7
43
28
10
651
22
8
206
13
12
10
6
151
250
295
34
66
59
47
111
50
20
81
7
56
162
13
41
335
16
15
11
10
15
64
509
8
9
75
6
24
8
219
46
75
7
6
136
8
8
268
17
5
53
6
19
48
149
6
37
161
15
182
9
7
16
33
11
15
11
26
7
4
248
8
6
7
9
10
9
6
12
17
6
7
10
6
17
5
114
7
19
11
6
114
7
27
16
16
10
369
38
6
4
5
5
9
11
7
720
8
10
35
35
6
15
21
94
87
11
24
239
15
7
6
25
7
30
14
11
12
82
13
6
41
110
22
652
7
9
57
30
35
327
6
59
7
6
20
6
61
32
8
48
13
8
32
22
27
60
448
8
14
30
6
29
6
16
123
11
12
35
10
13
301
18
6
289
7
23
7
99
17
7
15
11
112
13
7
32
6
32
15
16
132
12
7
6
13
462
88
88
2065
31
46
10
7
47
229
11
26
15
59
9
18
21
14
15
35
15
59
11
7
14
19
15
16
59
11
7
6
15
11
22
1069
5
6
14
186
8
7
263
11
72
6
101
70
8
10
12
190
21
22
30
9
26
92
14
27
5
278
6
16
6
15
6
51
125
17
9
49
10
59
6
11
9
14
16
28
27
6
16
11
11
18
30
24
6
42
6
14
12
5
57
53
106
10
10
32
8
5
12
41
27
189
74
6
9
11
462
3
60
19
5
8
31
7
41
6
8
25
6
7
12
19
161
6
11
24
12
6
111
7
18
15
1
10
846
16
13
7
17
14
13
6
6
7
13
9
9
9
159
156
40
4
9
385
11
459
185
13
19
30
15
40
6
42
213
37
11
85
5
4
6
6
16
15
12
27
7
6
7
27
5
16
6
14
9
6
8
19
6
8
7
30
26
8
81
18
9
11
13
16
15
8
15
21
2
12
8
22
66
12
8
73
15
10
15
9
12
15
28
9
12
22
220
7
6
8
223
7
19
137
9
56
10
18
11
36
9
16
76
6
16
9
160
31
7
9
108
8
6
6
27
13
10
7
23
9
7
8
6
9
28
6
46
7
45
87
27
84
7
14
59
6
10
14
8
75
70
27
6
9
50770
12
11
16
53
13
12
10
17
57
6
206
11
8
16
6
9
29
18
7
82
6
19
10
21
6
46
1
37
6
40
7
12
13
23
123
34
461
21
19
19
43
6
7
12
212
7
11
18
7
8
6
79
46
26
25
129
6
60
4
8
11
8
14
20
12
20
23
6
6
14
71
19
18
35
93
6
17
525
30
88
11
15
43
12
70
10
7
18
91
20
22
11
14
5
43
8
17
7
30
14
10
40
635
6
7
17
9
27
13
35
9
15
6
238
23
6
61
11
59
36
6
9
39
35
8
8
19
10
19
106
32
18
76
6
12
56
15
19
4
12
35
10
6
60
6
11
26
1
19
25
550
30
26
14
7
6
6
24
2
101
9
62
37
42
23
165
13
11
77
10
19
57
5
7
14
21
21
7
135
31
37
37
49
13
17
7
46
41
30
11
82
9
29
492
7
577
6
10
13
15
9
5
6
15
6
285
36
10
5
109
5
13
11
35
6
13
8
26
204
12
23
63
10
19
29
31
15
13
20
59
6
7
24
21
69
7
9
22
6
55
47
17
17
6
12
22
647
14
6
11
9
17
21
26
39
13
12
7
6
68
5
18
68
7
23
7
11
6
108
39
6
12
16
12
14
14
13
30
38
21
5
36
240
8
70
6
9
8
240
6
9
9
15
139
7
12
14
394
11
11
11
9
14
13
24
81
5
23
9
71
29
9
108
143
8
269
19
10
20
8
220
35
18
186
7
8
21
23
45
56
11
6
27
48
6
165
19
17
17
6
6
8
7
11
6
25
17
10
527
10
23
32
7
17
227
82
264
28
80
10
479
11
41
9
37
56
59
5
22
7
44
8
6
60
11
27
8
95
130
11
37
16
16
10
26
7
4
19
25
16
44
7
18
12
38
8
5
11
7
5
11
18
7
18
137
12
6
320
6
61
31
93
219
9
20
8
9
9
222
6
426
6
58
129
6
21
14
12
6
6
11
8
63
11
6
18
35
134
699
6
17
22
24400
7
14
12
19
15
7
18
10
16
107
8
16
6
7
12
6
6
9
6
8
8
360
21
32
24
20
4
26
28
33
7
15
10
1
37
118
22
33
22
7
18
6
45
29
12
11
27
22
8
13
10
8
14
1
6
609
5
16
26
7
14
15
22
25
24
1511
163
27
10
259
9
39
13
7
30
7
13
7
8
16
147
65
14
6
8
4833
26
46
8
5
43
122
159
35
17
28
8
6
80
569
9
8
6
17
7
83
9
161
13
15
10
35
6
46
41
23
5
7
33
1731
19
8
59
11
42068
8
223
10
9
76
23
6
6
163
5
67
27
9
28
7
4
10
14
9
8
273
158
6
17
35
341
13
7
210
18
6
24
256
11
6
6
47
19
130
11
26
5
9
10
9
10
12
10
70
53
36
6
16
11
10
6
28
78
30
9
7
86
26
13
36
15
5
524
20
7
23
8
8
33
26
225
16
19
19
5
6
9
10
22
262
28
19
14
20
127
48
6
145
26
55
13
158
36
7
34
132
11
136
33
8
219
6
15
7
18
24
14
18
76
33
20
12
10
6
6
8
11
19
7
10
331
6
6
29
10
48
6
6
25
14
23
10
25
240
7
7
48
6
15
324
22
32
14
52
38
747
24
19
79
9
33
8
8
72
32
7
25
15
9
20
28
10
7
4
7
9
10
12
31
6
14
156
442
21
20
9
14
406
11
87
16
337
27
10
86
11
14
12
54
19
6
12
25
5
20
6
444
6
16
18
23
24
115
9
13
18
16
8
7
172
3914
11
59
8
13
8
6
7
13
8
169
13
15
30
11
192
36
48
9
1774
113
57
28
6
9
107
8
109
9
75
11
6
6
7
7
69
21
6
7
4
6
17
15
17
19
10
41
46
39
3
16
37
16
826
370
63
7
9
13
14
16
93
33
7
147
8
6
38
235
6
13
80
12
142
14
8
6
46
5
10
6
13
8
35
13
6
18
6
9
37
132
6
6
7
115
6
13
6
5
28
8
6
30
15
6
12
22
11
9
19
9
28
7
6
20
53
6
8
5
9
24
29
46
13
13
17
135
601
12
6
9
27
6
5
33
13
12
20
24
27
15
7
20
34
11
15
21
3
7
34
8
8
115
27
148
140
4
20
8
10
9
6
8
15
46
11
11
347
36
4
28
6
75
8
13
6
112
2
13
114
74
25
6
115
78
42
298
13
45
7
10
145
10
61
57
32
5
10
21
165
9
183
36
16
53
22
18
11
22
8
83
12
10
110
35
8
12
38
1
51
21
7
109
14
6
10
8
605
3
27
166
7
13
26
18
16
13
6
86
300
13
48
50
8
140
6
59
9
33
6
419
14
10
180
9
17
14
6
6
128
8
9
8
10
8
9
100
60
5
68
6
22
25
5
186
6
6
7
14
24
6
6
7
7
8
6
17
11
11
5
5
9
11
6
6
9
8
14
22
6
9
18
28
8
33
41
19
19
13
36
6
140
13
11
148
29
66
7
31
14
15
10
5
23
15
25
203
20
9
34
25
193
8931
51
11
8
6
21
6
10
233
44
6
12
50
17
57
7
12
8
10
19
28
90
49
134
8
57
32
168
15
28
11
6
68
269
7
27
24
7
26
16
13
10
5
65
18
11
6
6
383
10
36
300
40
20
8
35
1011
7
36
18
28
11
7
7
6
12
199
11
10
13
422
8
4627
38
7
20
74
7
25
7
12
11
15
9
20
15
7
38
42
14
8
7
31
7
1189
12
9
118
10
7
6
64
8
5
32
12
402
12
33
70
114
29
49
7
32
10
134
29
21
9
9
296
11
15
16
47
6
115
14
1068
12
18
91
9
301
17
10
284
72
7
43
8
49
49
13
42
12
6
13
8
7
18
17
61
5
17
21
46
9
22
8
6
62
7
11
7
1852
11
22
11
95
188
21
6
13
68
6
5
12
13
63
40
66
358
10
5
8
19
6
9
27
19
9
15
12
40
7
16
90
7337
1
9
8
71
16
26
21
6
84
9
7
18
9
11
60
9
7
29
7
15
7
19
6
45
6
13
7
11
10
5
9
6
49
6
44
10
7
24
30
5
9
16
334
36
20
36
54
7
15
12
34
6
11
96
1
14
88
7
39
7
16
21
12
8
5
13
12
7
30
31
33
6
39
13
8
15
25
26
10
128
9
168
260
12
7
9
20
32
13
16
235
11
15
71
38
29
57
35
18
15
21
14
15
636
185
16
7
38
95
7
6
72
126
16
23
7
66
19
8927
23
339
10
9
71
24
17
11
4
207
17
10
5
38
19
5
16
10
6
8
12
29
7
6
7
7
11
6
18
32
8
62
18
24
27
5
24
17
20
24
2562
32
83
2704
1184
21
54
6
7
7
28
17
23
16
14
6
9
384
111
10
15
6
10
6
553
259
142
39
332
11
13
126
7
45
47
8
77
9
6
6
41
8
49
208
8
21
145
122
14
13
174
15
11
12
40
56
87
6
16
19
21
8
275
236
11
18
8
132
17
149
10
138
39
11
48
12
5
10
18
10
11
13
18
17
84
6
9
15
8
10
304
9
11
6
53
6
16
12
4
23
40
16
6
3632
6
10
7
29
14
19
51
6
6
9
9
18
6
127
6
11
772
1566
18000
8
18
150
7
13
61
39
7
37
35
14
35
281
6
26
6
32
5
10
16
18
119
40
16
5
56
9
136
13
6
20
48
71
58
16
6
10
7
8
35
147
20
38
175
21
30
7
170
10
26
28
182
6
14
13
281
31
14
20
69
5
16
130
47
6
24
8
6
21
12
27
243
6
114
41
20
11
35
6
9
144
192
31
54
11
21
22
12
24
19
82
58
14
18
287
60
22
20
49
7
111
8
6
8
10
8
10
31
2793
58
8
7
6
15
45
19
7
7
7
20
24
26
138
44
131
7
5
66
138
12
10
6
445
9
67
221
26
6
20
8
6
9
17
21
35
27
4
19
52
20
28
30
20
14
16
55
36
43
19
9
12
6
26
8
11
17
17
75
279
8
43
34
791
9
17
15
9
339
6
67
24
8
16
121
73
194
17
8
9
547
10
6
14
191
5
6
6
6
6
14
7
9
11
6
59
102
39
10
17
16
7
335
12
17
34
8
219
8
24
24
10
62
7
164
54
51
87
64
9
5
8
35
6
31
7
7
8
15
14
10
6
6
19
75
28
13
22
42
37
37
13
28
30
40
5
9
6
14
24
25
6
6
5
7
10
7
9
29
9
7
7
187
82
17
122
250
11
76
18
49
28
30
10
69
37
7
31
5
7
157
6
11
12
23
8
9
8
7
19
16
7
19
9
7
19
8
135
7
5
14
46
13
17
11
23
15
9
11
12
21
321
63
7
23
6
14
6
7
6
8
12
31
9
68
10
37
21
17
12
10
7
70
41
6
6
6
8
36
9
4
223
4
9
7
9
10
11
114
71
27
37
55
9
8
16
7
47
44
7
27
158
12
17
13
15
8
8
20
44
102
7
6
8
394
64
8
10
7
9
682
119
76
12
102
6
8
21
34
4
9
22
22
77
21
8
42
28
21
11
50
8
5
8
617
9
386
6
330
24
6
8
24
18
9
6
6
8
48
6
23
5
6
12
11
5
7
43
13
65
125
7
177
7
8
125
7
24
16
6
43
34
173
12
18
8
6
1
5
303
15
62
8
13
21
27
63
25
19
52
18
45
117
63
18
3846
20
51
7
31
8
96
33
13
13
6
130
7
30
10
6
26
1
18
7
19
15
27
471
18
17
8
107
124
8
359
25
85
185
31
16
27
5
80
7
89
6
8
283
84
12
59
9
6
56
15
6
14
22
8
9
8
6
16
11
10
6
7
13
59
7
8
7
128
6
137
10
13
9
19
35
726
6
70
20
11
46
32
7
7
22
66
17
166
7
27
7
8
9
25
6
37
42
9
8
16
72
32
29
19
9
21
6
11
27
28
51
9
52
16
16
6
18
7
6
18
7
15
16
27
6
15
8
7
57
10
10
11
312
12
6
39
8
11
51
10
9
139
17
49
6
30
26
327
1
14
63
6
8
222
6
16
5
9
25
26
7
10
20
11
6
12
10
24
29
12
12
13
20
10
6
7
11
333
13
195
17
6
12
22
11
150
38
19
7
14
48
6
7
7
45
10
67
6
6
872
38
6
272
21
7
8
22
13
7
7
5
120
7
37
6
6
80
27
6
13
53
29
5
20
6
11
17
5
7
11
545
18
14
13
6
25
20
256
10
52
17
10
453
187
24
7
43
11
21
72
8
73
10
9
5
67
1
289
26
58
6
18
457
9
28
27
25
6
10
45
9
32
11
25
71
6
57
7
15
72
6
7
106
39
9
206
14
10
9
4
42
11
13
54
43
7
13
103
88
7
12
13
7
100
7
11
6
13
236
6
18
164
10
9
74
65
6
13
11
13
19
16
140
6
6
34
14
10
12
106
44
24
5
133
53
6
8
29
18
6
29
42
15
7
24
117
31
23
11
10
22
6
42
68
10
11
6
6
2
85
11
76
8
4
13
6
6
6
172
6
7
7
416
50
6
12
38
12
13
29
115
579
14
430
21
679
53
70
66
111
38
39
16
12
205
11
27
16
6
14
9
11
11
8
38
16
22
32
14
37
31
8
5
6
56
17
6
7
6
47
34
11
6
25
14
32
12
4
101
27
6
9784
10
10
21
54
8
7
36
27
97
30
34
8
75
30
7
14
10
19
41
24
40
70
6
5
23
7
24
9
10
127
44
31
6
10
6
28
9
16
315
6
7
16
31
11
7
11
27
7
60
14
16
70
31
6
74
17
142
61
3
6
10
18
8
4
228
79
62
145
9
7
36
72
54
786
5
8
9
13
12
22
7
8
244
268
146
12
8
23
46
6
21
17
10
195
7
101
85
20
55
6
10
2
83
22
17
5
12
7
399
18
41
294
56
43
14
19
60
95
18
46
281
33
104
15
16
35
99
6
9
7
6
11
7
10
15
9
6
9
8
13
12
27
17
67
6
16
15
6
11
13
11
53
118
49
11
13
9
50
7
14
38
11
36
300
37
68
10
14
10
6
5
7
24
14
6
15
19
23
137
9
6
8
2
17
400
12
57
27
62
8
16
62
14
16
10
10
6
27
8
83
6
85
24
34
6
20
5
7
23
192
31
15
23
29
74
117
9
41
29
23
13
16
8
18
4
96
31
173
6
9
6
15
6
8
33
6
18
26
9
14
15
391
9
36
21
23
10
122
7
7
43
9
7
13
50
29
93
92
10
130
26
9
251
27
136
70
12
15
6
60
10
8
13
28
93
18
23
1
49
11
27
14
142
10
13
45
107
12
27
101
24
6
482
18
14
13
18
50
5
10
358
26
35
8
9
93
12
7
38
120
16
13
5
4
1241
6
187
7
25
144
9
60
39
20
14
6
13
371
8
6
12
105
8
198
493
15
9
9
8
11
23
6
61
13
55
6
62
24
27
8
138
140
6
167
327
9
10
23
7
70
106
27
10
15
81
5
120
247
40
10
158
34
19
21
7
8
15
9
334
21
7
17
14
14
7
55
22
38
39
17
18
29
6
16
9
31
6
8
36
17
6
20
39
14
8
6
15
55
8
8
9
9
267
64
154
21
42
8
236
18
16
19
13
84
7
6
9
16
121
12
13
15
412
3923
7
8
25
55
13
6
144
9
27
26
7
8
13
110
79
20
10
12
32
22
7
33
29
107
22
17
12
15
6
6
11
32
138
18
19
16
14
29
6
6
8
51
3
13
4
66
10
19
100
32
14
52
8
8
11
8
11
13
5
16
14
7
6
17
53
6
9
6
18
5
10
9
7
8
49
80
6
9
93
33
8
12
11
149
15
8
9
7
11
8
9
6
3
26
6
23
4
69
31
26
64
34
12
6
26
9
15
45
13
25
8
123
12
7
166
5
9
4
101
6
12
19
6
5
409
12
18
47
7
6
18
5
22
6
8
215
6
198
7
50
41
9
1031
7
6
13
76
204
9
13
5
6
38
18
6
189
13
7
113
13
6
69
39
34
10
42
26
6
6
7
20
7
15
23
175
9
10
5
65
8
8
12
14
8
18
15
5
121
9
9
6
137
141
6
13
6
179
10
7
25
11
58
32
14
42
14
11
11
19
9
13
7
498
9
6
8
18
44
6
28
261
10
7
103
142
13
7
6
8
14
24
30
75
327
14
6
35
29
8
6
8
6
12
38
8
416
126
7
25
7
6
15
15
7
8
55
7
59
18
12
22
87
10
55
20
7
43
15
15
17
32
11
8
27
16
13
7
55
644
11
28
10
9
79
170
23
6
12
5
9
366
85
11
16
6
73
74
10
10
9
50
6
52
16
62
11
3
120
8
48
80
31
6
23
16
23
9
38
11
78
20
11
54
10
23
8
6
9
28
1881
23
28
21
97
42
217
182
4
150
11
11
18
13
10
24
15
7
77
13
27
19
6
52
10
22
6
5
6
6
25
9
55
9
12
183
7
17
13
186
8
45
67
7
45
13
8
7
79
88
47
8
7
7
11
6
6
17
156
17
57
9
6
17
8
72
10
10
109
33
6
31
14
9
28
86
45
6
13
17
14
5
88
7
96
64
12
37
13
18
16
11
15
6
7
24
28
7
4
177
30
12
6
39
11
52
5
8
225
13
13
7
11
7
5
11
72
6
295
19
15
6
9
68
13
183
6
14
15
20
13
4326
9
89
43
17
19
21
19
15
13
6
9
7
11
341
33
46
10
15
104
7
22
66
15
48
8
11
25
46
94
6
19
15
27
1028
19
10
14
21
10
13
73
17
7
6
6
96
44
20
29
4
105
10
6
18
214
43
25
50
14
6
12
7
29
6
106
57
227
5
15
101
8
7
16
43
36
7
10
116
30
8
111
28
15
18
20
18
135
10
1397
16
47
7
49
11
7
7
9
18
40
6
9
50
10
63
12
28
14
202
181
26
155
14
58
7
11
344
10
22
8
6
341
7
16
25
7
68
16
17
18
36
9
13
7
12
9
9
18
7
6
6
12
11
19
412
135
6
6
123
9
9
6
15
101
12
64
7
49
6
25
5
8
6
7
13
182
7
13
22
24
16
21
9
9
8
92
92
6
6
37
23
62
585
11
6
30
20
11
23
159
10
13
6
16
23
24
10
8
58
6
9
14
12
272
64
10
6
253
11
6
55
39
10
7
25
116
8
22
43
6
11
16
10
28
68
27
54
16
6
10
6
95
11
113
117
8
22
19
7
55
44
1
23
10
71
74
12
8
21
146
28
80
14
51
5
19
93
71
8
9
44
265
89
7
76
36
11
17
6
94
69
7
14
7
7
8
23
11
41
26
60
5
39
6
481
12
11
6
21
10
8
58
8
12
6
62
6
25
8
24
1246
12
51
8
12
8
8
124
132
10
8
17
14
8
31
7
22
12
431
10
46
17
10
1785
19
33
13
11
16
4
20
125
32
54
36
3
20
11
10
6
6
22
606
5
17
7
7
12
10
6
13
8
22
18
76
26
16
55
98
89
11
7
7
11
28
159
17
16
24
15
6
24
10
7
68
22
17474
12
21
10
66
12
14
10
64
95
6
7
36
5
22
12
16
110
475
14
7
15
11
152
16
16
18
37
203
6
6
6
3
31
10
9
5
13
8
20
54
7
30
13
16
10
18
24
6
401
8
9
6
28
19
424
5
33
9
8
42
49
12
125
16
52
16
381
11
179
18
6
6
23
6
34
8
84
23
9
25
11
12
34
57
36
18
6
10
5
7
19
32
8
952
24
13
6
22
16
39
6
35
26
63
30
11
43
6
9
33
19
1288
51
24
6
397
9
16
6
7
8
44
34
4
6
17
6
25
7
8
9
20
351
847
22
4915
9
16
9
47
6
8
9
41
64
21
19
40
13
5
12
54
26
25
11
8
40
80
6
43
211
6
13
24
166
21
9
8
25
6
6
23
11
12
6
17
19
11
9
11
47
30
1
38
22
124
233
11
8
32
6
1
11
18
11
57
17
5
257
10
16
11
18
25
612
10
6
30
34
20
25
17
7
14
26
26
15
6
32
108
159
4
13
30
30
76
30
14
119
102
35
11
6
8
35
39
20
38
6
220
8
42
31
209
6
16
6
15
7
16
9
15
73
6
8
6
37
18
11
6
60
8
6
6
21
23
53
11
24
8
105
11
15
11
6
198
26
6
17
11
18
33
7
26
21
7
24
10
69
13
17
7
24
51
5
107
41
30
169
10
8
8
9
7
83
11
7
13
13
7
17
42
10
11
6
10
45
92
23
50
6
29
15
85
23
9
9
18
31
981
44
20
120
55
6
7
7
6
11
25
16
30
20
78
2
5
11
8
101
99
9
13
26
7
8
49
11
11
85
283
73
5
13
8
26
141
12
6
243
74
9
9
6
19
99
56
86
551
17
9
19
74
6
8
29
25
376
11
40
11
61
16
4
7
6
6
9
7
6
97
20
88
20
14
23
28
16
5
112
8
11
9
29
7
6
28
26
7
5
44
13
9
6
18
51
10
246
12
12
93
13
137
6
9
17
171
14
6
5
45
5
14
68
9
63
533
53
6
9
9
8
6
8
7
6
11
10
7
8
13
9
16
13
37
8
8
8
26
19
7
7
142
11
6
9
8
7
7
78
15
5
10
6
6
23638
17
92
2
19
104
5
17
6
9
15
12
53
26
8
9
41
22
10
9
6
16
26
9
928
21
420
16
6
5
59
16
190
44
8
21
7
196
8
10
16
21
365
34
103
8
7
6
7
12
1262
161
6
47
7
7
48
6
6
22
9
54
10
21
138
10
7
26
7
6
13
11
34
69
15
5
19
7
6
14
246
18
18
7
6
10
17
17
23
93
8
78
28
44
94
7
8
245
9
18
24
21
73
27
18
377
18
8
23
6
65
7
8
6
8
7
31
7
50
56
282
12
646
7
4
12
31
18
58
80
62
17
19
8
12
11
51
10
7
7
24
122
29
58
11
11
12
26
6
9
15
28
18
129
6
6
6
13
13
9
8
10
7
67
10
45
7
7
7
26
12
18
2680
42
7
6
5
9
98
228
43
7
249
9
10
27
36
8
36
25
400
25
49
7
50
17
17
6
29
7
256
6
28
2
10
17
46
6
12
28
17
12
240
6
13
8
68
6
6
344
19
5650
272
319
81
16
94
26
9
1
6
5
19
6
10
56
24
114
13
37
90
9
43
97
25
7
80
20
7
39
12
8
78
14
24
13
6
9
10
12
89
6
11
8
10
8
6
18
39
14
20
14
42
9
27
184
36
216
176
19
6
9
23
6
7
6
36
221
11
11
6
13
27
78
158
108
60
6
13
22
18
301
6
3
54
52
25
341
30
41
9
4
8
8
22
247
9
31
24
23
68
23
755
6
8
9
26
7
18
5
2362
22
6
47
8
9
76
6
22
47
18
10
9
204
19
26
31
16
22
75
20
551
12
12
93
75
8
10
5
416
7
10
29
26
10
113
33
22
17
11
26
6
49
67
57
41
15
9
23
21
6
10
6
19
44
6
282
88
6
85
33
6
28
9
9
13
12
6
27
6
4
29
13
18
6
8
6
22
176
11
40
364
19
27
13
224
211
44
11
13
15
9
16
9
21
40
9
29
8
131
24
6
28
8
16
15
21
171
19
189
3
7
10
19
4
6
15
14
9
28
9
84
50
36
172
9
10
15
33
11
13
10
12
10
11
12
56
19
20
48
7
4
7
25
12
6
25
15
6
342
710
13
75
53
8
7
71
34
237
12
10
11
27
42
9
35
15
20
43
15
7
7
7
16
10
55
171
150
14
23
26
14
10
20
6
14
8
10
98
18
22
335
8
25
15
1
34
7
15
7
22
73
5
8
7
6
18
110
12
9
57
37
4
7
6
20
12
18
54
11
166
32
31
23
9
1667
9
6
2009
6
23
25
40
30
6
15
8
56
10
52
52
5
16
15
54
20
6
7
6
12
12
10
7
8
46
18
42
9
28
15
13
21
65
7
9
6
20
125
10
57
15
8
5
57
714
93
14
39
24
70
870
20
9
11
12
20
14
44
63
9
16
162
7
14
174
11
5
6
14
7
8
5
6
36
86
107
10
77
7
5
217
53
19
104
12
9
5
6
7
9
5
123
7
11
32
6
12
16
8
26
61
24
6
14
7
5
7
7
8
69
25
17
6
506
10
21
6
289
316
7
12
63
7
10
6
56
6
5
8
12
21
164
56
10
356
12
18
60
5
27
15
100
15
6
95
8
17
10
9
10
20
8
39
30
21
131
37
10
25
9
11
9
20
14
11
6
6
33
76
861
10
9
67
144
6
6
29
30
13
157
34
10
7
23
5
15
134
215
12
9
18
6
7
93
4
18
12
71
8
29
7
8
139
7
106
13
31
3
5
7
26
8
14
34
45
49
45
7
6
15
58
6
63
28
1126
6
16
45
59
8
396
8
57
20
70
7
38
14
15
9
13
6
48
8
11
5
15
10
59
11
75
46
63
9
7
10
21
64
5
6
8
110
7
13
2438
16
8
36
55
13
8
29
6
8
6
38
18
12
8
11
11
13
17
1
12
8
113
36
13
8
55
43
327
18
34
121
5
10
17
12
49
15
17
3
9
7
75
86
6
7
53
12
26
17
8
8
6
10
30
9
442
8
11
226
43
6
9
98
635
10
12
9
79
6
26
7
40
6
8
66
13
77
9
11
467
59
8
16
13
7
147
15
13
31
59
62
11
36
200
8
27
35
69
12
6
6
7
19
8
29
12
15
20
63
8
17
13
5
95
12
40
19
155
30
33
18
8
7
8
10
226
15
6
9
5
9
7
35
29
44
26
30
103
327
103
5
6
50
384
6
6
10
16
7
11
13
8
71
6
43
8
8
22
8
10
6
16
6
10
18
44
113
38
9
77
12
20
11
13
15
15
10
49
9
11
23
9
14
12
35
45
99
9
18
8
23
10
4894
20
7
55
9
34
5
8
5
8
194
11
40
21
28
15
21
13
11
6
18
13
18
5
36
12
4
12
11
14
11
6
96
6
410
19
7
9
12
7
95
34
6
28
36
8
8
103
6
9
47
6
8
10
15
58
5
7
10
24
11
11
9
54
12
29
5
27
22
9
21
6
1136
36
12
89
86
112
44
99
14
98
13
7
121
10
11
78
11
1
20
16
8
8
4
40
27
60
19
15
10
102
68
15
30
6
9
7
10
7
12
5
86
440
58
15
15
11
42
9
30
8
29
64
141
7
6
32
9
10
10
9
6
124
7
7
8
17
44
69
15
8
6
44
17
42
51
7
31
21
9
12
6
25
8
6
37
14
188
6
6
22
20
29
22
7
6
10
665
827
35
45
17
90
4
65
7
50
50
21
46
22
33
7
69
8
101
11
227
6
13
7
167
37
124
35
468
8
61
70
6
8
340
19
20
20
6
44
93
6
7
39
51
72
59
39
19
9
7
50
26
7
56
6
26
22
10
11
8
14
12
5
595
6
23
33
33
875
18
46
691
9
11
114
42
31
14
247
82
6
93
45
9
115
7
181
59
22
18
7
10
5
9
7
6
12
21
20
15
13
7
34
3
13
66
8
44
8
5
17
26
226
8
94
15
9
14
60
443
8
78
12
6
145
7
19
885
6
4
78
7
11
6
12
6
15
5
15
31
14
7
34
34
9
6
7
8
16
17
6
6
11
37
1281
191
7
38
328
14
7
16
7
9
63
4
17
5
28
10
6
129
11
19
6
8
17
12
14
29
16
20
108
8
7
444
114
9
7
24
73
159
10
111
37
11
21
7
28
6
11
1
15
7
31
1668
13
23
11
122
57
13
14
5
35
27
129
133
5
13
66
25
11
29
133
21
9
28
29
30
29
17
1227
185
16
13
224
26
10
48
24
31
16
12
11
17
13
38
11
129
4
5
7
136
6
52
12
12
4
19
21
7
34
33
21
420
9
602
22
46
5
30
6
6
7
23
68
6
28
13
44
9
13
10
6
40
18
16
11
15
124
12
7
11
30
17
14
16
7
36
92
20
27
5
11
19
6
9
8
8
4
9
46
6
118
13
10
18
75
11
467
20
9
30
45
20
10
55
23
6
13
10
7
8
122
6
22
111
171
20
13
272
18
6
747
11
8
17
9
8
13
29
66
6
7
35
12
7
14
6
9
9
53
24
188
75
8
10
8
39
17
6
6
11
66
9
15
4
9
8
103
25
7
24
16
13
6
112
6
10
6
5
224
18
24
8
8
18
20
397
12
10
8
7
35
409
6
24
8
86
6
9
48
13
35
7
41
6
66
11
8
5
12
13
34
9
27
7
6
12
70
25
9
34
6
16
10
6
252
6
28
7
9
8
9
6
16
5
53
34
8
7
12
8
8
9
5
6
5
7
8
8
15
8
6
39
8
9
44
74
18
35
13
4585
6
20
9
11
43
70
13
154
6
16
8
7
7
10
9
7
5
6
6
16
7
154
761
12
8
352
6
22
8
29
33
5
33
13
51
19
6
6
492
9
9
36
6
7
17
19
8
61
10
5
6
149
26
174
15
7
17
216
22
16
13
33
9
17
15
5
5
17
23
42
9
9
10
75
7
8
13
48
9
180
19
15
5
13
12
74
13
86
21
21
16
9
6
33
20
385
8
5
5
13
7
10
63
9
49
12
10
273
18
15
12
18
3
10
5
12
19
23
30
10
17
153
36
30
14
10
37
394
6
129
8
28
106
93
48
10
12
26
7
53
8
14
5
27
17
12
8
20
9
132
59
10
14
6
333
28
51
11
24
6
63
60
12
36
20
7
8
56
6112
21
6
4
688
9
7
5
24
22
7
8
9
6
67
8
34
45
15
31
54
17
32
64
318
171
11
40
67
6
17
24
21
16
7
10
8
16
18
360
14
33
1060
6
7
6
13
13
9
159
48
25
210
12
17
10
14
8
7
41
9
7
12
24
10
47
21
25
10
18
32
116
51
32
59
17
8
17
72
844
9
4
9
16
6
15
6
10
4
143
5
4
14
16
5
10
9
459
20
29
36
13
7
8
1
20
18
234
1
30
54
22
87
6
6
10
6
30
11
31
9
16
116
11
13
6
24
110
7
5
39
181
15
11
18
21
9
9
27
48
67
7
37
10
28
11
15
1132
159
9
15
28
14
95
16
10
49
5
7
10
9
8
29
17
68
8
22
10
9
26
7
7
12
11
12
14
94
8
54
36
12
6
13
6
363
10
18
10
7
9
5
13
59
8
7
78
1451
6
47
95
6
24
37
32
27
12
16
9
9
5
63
5
13
12
23
39
11
103
6
8
18
280
54
148
7
42
11
170
19
23
8
32
6
9
45
19
23
8
39
11
21
295
99
25
49
17
126
19
7
11
28
10
7
11
28
17
63
6
12
10
316
6
42
7
7
5
200
7
11
12
16
6
11
12
60
213
30
11
20
8
13
7
9
24
170
8
7
23
26
12
8
7
6
17
9
25
27
6
489
66
7
22
7
14
50
52
15
29
85
8
226
108
6
77
5
69
26
129
17
226
7
7
50
12
21
58
5
110
28
11
20
44
33
6
646
30
10
31
21
29
8
16
5
740
49
5
7
14
5
11
8
3541
5
38
7
16
11
10
69
81
84
17
7
46
54
31
42
8
6
24
123
11
6
7
38
18
14
17
292
7
9
19
10
6
11
11
14
48
17
26
35
7
11
6
9
13
40
7
10
8
17
7
35
6
6
42
27
105
37
6
12
7
19
15
17
6
13
10
23
11
207
10
14
8
10
32
12
5
17
16
13
9
15
7
8
25
11
7
32
66
55
82
10
13
83
8
11
8
6
10
1010
23
10
17
27
16
10
43
7
329
86
7
7
50
8
6
7
21
6
46
28
13
28
70
9
7
129
8
6
18
6
7
175
13
13
142
10
15
253
20
3388
52
3494
12
24
60
6
6
14
23
16
12
171
9
11
19
36
14
12
359
240
8
27
11
45
413
191
14
31
10
13
47
9
14
48
10
7
6
6
39
303
14
8
23
32
6
40
7
11
53
71
197
26
306
21
101
11
15
130
7
6
8
12
24
1695
16
30
17
6
10
11
108
19
25
31
7
9
6
25
247
49
12
23
6
17
11
9
27
36
492
74
7
17
6
105
13
6
6
13
8
8
6
111
6
43
437
162
14
6
7
15
996
7
6
9
11
10
110
6
6
26
7
10
9
21
9
6
7
9
785
6
41
6
6
22
13
42
7
25
43
12
6
6
18
12
7
53
6
224
38
5
6
9
39
9
19
6
14
58
56
14
49
54
30
7
128
59
6
25
794
33
51
24
281
8
38
211
6
45
11
63
60
119
10
17
22
12
13
12
6
85
39
7
18
10
13
8
6
26
25
7
29
17
4
10
545
13
7
73
47
9
292
61
44
120
149
6
7
7
7
5
6
14
54
1159
323
18
6
59
5
18
11
7
36
12
13
5
6
56
11
98
129
35
6
17
8
80
76
254
64
64
9
6
12
54
36
37
12
24
39
19
20
9
8
65
24
17
46
42
19
2
16
40
66
11
8
32
124
9
11
13
18
7
178
9
13
25
7
11
40
12
5
9
20
722
5
6
8
16
182
31
12
158
44
10
6
5
376
183
43
13
34
4
10
8
35
7
7
6
8
9
153
7
1617
11
51
18
8
7
52
29
7
80
20
36
85
10
7
69
241
5
34
9
7
6
9
6
13
243
7
6
27
33
104
6
86
81
6
12
961
23
52
12
19
70
16
56
32
8
10
56
10
15
6
6
9
11
7
31
11
6
7
54
104
8
6
19
34
12
6
9
6
74
5
8
47
8
7
7
6
24
8
7
35
30
9
72
69
15
7
31
16
32
33
9
29
7
6
7
15
27
17
8
84
15
10
7
14
35
7
99
8
14
29
116
6
25
17
128
66
12
7
9
6
3
218
16
30
59
9
5
21
9
96
6
35
9
9
22
10
37
7
10
63
8
136
10
6
53
342
20
9
8
33
6
11
14
7
1255
29
6
16
19
3
6
11
6
65
10
16
6
18
17
8
20
10
206
26
7
84
11
10
6
21
22
7
26
115
118
78
201
6
95
224
10
109
8
14
75
91
8
80
10
60
24
65
11
296
27
11
14
80
6
7
5
8
10
8
7
14
9
44
116
32
6
16
7
10
19
6
11
236
9
84
118
8
38
7
291
30
6
7
131
14
6
41
43
10
6
11
13
6
15
36
22
8
3245
6
15
6
165
72
25
14
23
143
36
76
7
6
6
6
8
22
33
45
7
143
7
207
124
9
6
13
8
30
8
6
46
15
28
183
9
11
7
8
11
11
18
14
13
17
8
12
149
6
12
34
10
6
7
49
8
7
11
19
15
228
9
7
8
6
38
10
6
25
13
1
5
482
7
6
13
6
6
31
12
47
16
26
2
12
12
18
3
8
6
13
7
87
10
21
64
7
20
54
20
55
7
5
44
8
13
188
8
15
8
81
48
78
29
12
25
8
7
8
463
9
10
7
8
8
10
11
7
123
7
6
14
13
262
33
46
4
10
31
57
10
44
10
23
6
32
43
7
16
1246
10
49
9
7
11
86
18
20
7
7
25
6
108
152
72
7
151
10
34
11
8
10
11
10
6
33
21
77
44
92
17
12
5
12
719
11
13
46
21
9
39
23
27
6
8
25
6
24
9
10
15
47
9
7
87
5
77
20
17
79
35
9
34
18
14
11
6027
13
6
22
6
37
9
8
27
19
76
17
6
48
8
11
93
6
5
35
14
50
526
18
18
8
6
11
7
34
32
14
9
12
11
213
32
10
6
20
22
14
17
8
14
31
281
12
20
11
11
5
10
36
17
7
11
74
7
23
27
7
43
35
49
142
42
8
6
10
6
16
41
50
5
19
7
87
7
10
34
15
9
10
11
86
55
9
8
8
4
13
6
20
21
19
12
6
8
34
9
21
33
11
15
7
16
1
6
6
10
98
5
7
30
16
33
10
77
31
7
7
27
23
6
54
86
23
28
5
61
14
58
8
7
250
20
5
18
6
8
32481
10
7
7
8
33
7
118
10
41
22
134
10
8
34
14
45020
31
13
21
19
6
17
13
17
32
10
7
10
18
99
197
8
6
13
125
9
8
61
16
22
58
6
18
22
18
7
170
6
79
60
47
16
14
16
448
10
7
17
49
6
45
24
23
16
14
41
43
9
30
7
52
99
128
10
9
56
20
2
44
13
21
6
7
17
9
25
7
13
13
22
9
6
8
8
6
56
60
28
15
6
6
240
24
37
11
17
7
10
10
15
8
219
21
10
215
4
9
212
12
9
13
24
7
14
6
12
6
7
8
5
40
8
6
20
57
10
6
9
6
29
167
6
150
8
5
16
9
4
150
19
20
56
2092
21
19
34
261
13
7
16
30
41
28
6
23
16
14
9
21
6
21
6
5
24
4
28
8
56
113
38
31
8
26
10
7
22
22
8
214
1
24
5
5
7
5
13
6
13
10
8
11
8
767
34
88
8
25
8
8
7
9
260
15
20
27
92
7
10
99
70
28
127
8
246
23
10
18
25
10
134
27
9
13
116
10
10
57
9
9
9
43
19
16
11
49
11
8
103
230
35
8
5
16
14
7
11
358
11
15
9
33
6
22
32
8
20
30
4
10
21
77
6
45
6
203
21
16
7
14
12
12
29
7
96
12
7
7
187
7
54
37
113
5
47
22
4
5
7
14
7
6
35
66
63
6
295
9
41
10
34
11
11
11
6
20
7
22
24
81
8
10
23
3
24
52
5
6
223
6
6
45
12
141
16
6
111
20
44
7
6
34
6
73
116
11
7
30
18
7
7
14
54
6
28
17
7
174
13
21
86
605
6
12
9
24
25
13
14
12
13
85
7
39
12
47
6
5
38
12
6
15
6
166
15
18
8
10
6
7
6
16
8
6
10
18
5
5
7
7
124
19
55
59
5
11
7
9
6
132
212
8
8
32
15
21
22
10
9
21
395
352
61
19
7
51
7
18
67
93
6
12
8
6
12
9
95
11
62
532
6
1137
54
7
12
53
43
6
105
10
12
15
22
39
71
8
12
30
16
10
221
5
20
13
8
9
6
19
7
6
7
10
133
6
9
12
21
9
82
4
26
10
12
154
252
19
9
7
5
7
74
4
7
13
6
19
9
62
101
14
31
14
21
47
165
25
21
8
15
6
9
6
30
122
105
7
10
19
35
27
10
11
18
47
95
20
66
24
8
19
38
91
7
7
11
6
22
24
15
9
6
61
17
9
9
7
11
18
14
25
7
13
35
15
359
83
6
6
31
16
6
27
14
27
80
