3892 175 7371 1675 960 5258 1057 2891 7010 709 4481 8379 4094 2492 9452 9436 303 8807 2527 9773 9138 7279 2690 238 5215 5950 3511 4000 320 6218 4033 9059 9840 1308 2705 6741 6693 6260 7004 5231 2964 9990 1877 3479 3760 2275 5232 7359 56 9789 9468 8632 2340 8145 4274 3681 3671 5275 6486 251 2403 6899 7380 5805 1322 5489 698 7075 9357 5472 755 7014 5440 155 4428 5112 1889 7927 9292 4542 1301 5268 8075 8934 5985 2809 6326 9306 8585 1163 5786 4252 7263 1092 7979 275 6780 1624 1827 7409 
3465 5250 336 7869 5082 8141 3027 7860 4496 7219 1258 4609 6439 5981 6602 3613 1586 113 3837 4663 9565 1845 9571 1986 2232 3217 3961 6686 8574 9332 8862 768 9882 2054 6821 2670 5220 3692 2031 2730 6060 4710 2342 5627 8436 3793 2013 4984 5612 3798 962 1615 3344 298 7482 8022 2045 2017 6091 6781 8173 7888 8359 6076 4962 7250 5469 8911 5155 3843 5262 7106 6939 5523 3767 822 2150 783 626 1756 3463 141 4857 6287 2781 7947 4503 1157 4398 5217 8514 9696 2036 1489 2564 3481 9155 1686 7079 447 
254 6283 6909 5809 1627 1125 6485 370 2264 4776 3451 2954 5541 5910 727 8263 5997 1762 8827 8344 4775 8884 9934 498 2364 7984 7437 6764 6315 481 6609 1965 7488 2328 6191 3047 4656 1026 307 7743 2722 8479 3007 3259 5321 8589 9672 8759 3707 368 5064 5385 7397 7479 8116 1813 5252 9877 6855 9309 7560 2817 3212 3600 7968 5499 4529 6927 5285 6714 970 306 2190 7093 6214 4187 6972 5014 9601 3548 3261 5821 9939 4340 7620 8475 6437 9932 1729 4467 9899 8260 9385 8888 9317 4373 1230 7597 9633 4245 
3304 5431 895 3784 8577 1573 8662 5724 8035 1628 4350 482 7654 4933 6040 206 5069 6789 3966 379 1056 9528 2956 1728 1715 5055 9191 7676 4828 4586 7570 483 6291 4560 1236 2358 753 3177 1515 9277 341 7602 4818 53 7180 3299 4652 3343 8786 5436 7643 1290 7742 9154 4277 8825 2530 7305 1917 7345 8465 3462 4764 3432 2341 5863 900 1904 3250 5434 3347 5382 6819 9034 3770 7813 2588 8588 3187 8424 3741 9509 7328 8840 7892 8756 5846 7007 5380 1151 6325 116 791 8971 6987 9955 4930 9319 3273 8802 
9444 7937 6384 8529 1406 3456 958 7124 6394 535 8440 9874 5699 7900 3779 3753 972 4957 8847 9674 996 331 2312 1779 2716 8896 4169 5260 8765 1248 421 2988 2694 2156 5933 8507 6622 608 7354 5490 844 6198 229 5827 1183 954 8994 5331 5190 9851 9887 1277 1100 1362 4034 1709 3878 6536 313 7531 1424 2925 3380 2803 6544 3602 6847 1699 2641 6042 6162 9414 3184 563 2057 3822 6535 4604 9135 9950 316 9461 9012 2435 3441 3616 8431 1487 2928 7227 2215 4626 3065 4911 7370 2687 2491 7350 2306 2740 
9276 2038 1784 9818 2226 9834 1038 5692 4410 8393 4606 9300 1595 2107 4518 2067 5502 2943 1075 9931 5512 6103 7711 9772 4124 3787 4193 2708 6161 1177 8416 5561 5314 5212 2871 4226 4707 9692 1542 8928 4206 9016 8731 9770 9186 2262 1035 4838 2256 3262 2244 4946 3319 1257 6736 9965 1263 665 9046 6765 7398 5820 9836 2035 2963 1255 1377 4332 7867 7503 2632 5900 796 9825 9843 835 4435 2606 9485 6675 8157 4874 4119 7352 5033 4179 1061 3438 8243 4882 9224 4008 41 1327 5731 1346 9054 955 9144 5236 
345 1758 907 4902 7310 656 7238 4995 6373 688 8498 5291 1626 9802 1345 240 4853 2214 1591 2567 7519 935 9926 4031 9862 1947 1007 7420 2044 6597 5164 7248 7786 3175 8480 1338 165 1121 2852 5030 8151 8319 5442 6409 118 1794 4109 242 2631 6606 1892 9728 5364 7266 9756 7611 2453 7220 7120 6604 9148 2014 2476 7241 8443 2613 8627 4808 8295 455 8180 5245 2620 7825 1894 7222 3346 2431 5337 4394 3940 2685 5670 7548 5549 6650 7201 9503 4835 5574 719 197 6744 9884 7363 6522 9087 2106 232 6071 
5224 2634 3004 3483 4474 8903 2482 1703 5765 4974 2715 7953 8693 9334 5146 9180 6056 5477 9522 1173 3523 4971 2293 8005 9097 7088 2480 5920 860 3037 1017 1511 7534 3164 7205 2765 700 1179 5194 6412 6508 9762 5902 2063 405 5788 5450 9364 6962 547 2902 5319 7854 6348 3607 5278 7439 1759 4449 8219 6592 3071 5544 5621 8858 1652 7776 2396 1741 7013 605 367 622 4309 8183 4759 3683 509 3739 5027 6687 2267 7077 519 4383 4659 1325 3928 176 5584 1234 5284 742 2603 9058 8178 7115 6080 735 6408 
4705 6397 8849 2088 968 1671 8587 3087 3208 6318 3759 1469 4862 7667 8629 5554 5404 7448 3349 3323 3417 8726 2072 8609 8571 2712 5473 1691 7655 7172 4021 4360 836 2617 8712 1983 5935 4487 1214 2158 1778 9758 9532 6596 4168 6851 2656 4158 6739 2883 2848 2331 8988 1507 5167 2739 1331 3775 3969 6452 7252 3921 3291 7486 8949 8687 1060 5987 4064 2222 9788 7731 715 4133 4520 4304 272 4023 9898 5494 9018 6938 9700 9576 7073 8276 7846 7537 1266 6513 6726 8181 4711 7976 7297 2257 3301 7485 2372 9880 
985 9210 9415 7295 6067 1590 5328 9584 8311 5766 9872 4213 4552 4359 5081 5797 2216 7567 3698 5505 7897 4848 342 8016 6257 7489 9730 8602 3697 8083 8829 291 6648 5311 9172 2465 9574 422 5456 5680 9506 3365 2779 6086 5872 6039 5850 8278 6026 8265 8366 1476 594 1428 1103 9213 7331 5192 1005 4635 7080 7424 1883 6022 3286 705 680 4666 4519 4643 7780 4884 2314 5191 7071 9529 7969 4566 1055 3963 4800 8957 4972 6872 8738 6721 3249 2847 1572 8784 5199 4513 943 4365 5423 7000 7323 1079 6525 9626 
5269 6965 5099 3666 9378 4219 3572 3307 1780 6204 86 5986 4713 722 8893 6595 182 5904 5482 5774 7343 467 2650 2904 760 6911 120 5425 4574 107 9546 3910 8128 4637 1887 2428 6857 7368 8101 1343 1451 9189 3251 2523 5899 3678 4436 4108 6734 9549 4823 2842 1167 799 3541 8072 6752 8063 4667 9460 3123 7441 1354 3962 852 5216 7405 2534 4463 2519 3493 3464 4045 2056 6910 1317 173 9669 9041 446 3978 5761 3295 1753 3839 1922 7732 4727 8449 3713 4575 7820 5556 2628 6454 9555 1253 3887 3556 6220 
8990 6158 800 9066 8764 9109 6095 3539 7280 528 7540 1672 233 2858 2582 380 9157 4141 833 7512 6000 609 7807 8214 5368 5802 17 2052 2769 3656 5883 3635 2295 2679 3529 3382 6876 2873 4161 9816 1968 5133 70 1710 3017 5435 5640 2597 8200 2139 8548 4881 2788 1726 4319 6224 8261 9464 3144 4940 5851 8069 5959 172 9492 8391 5840 5182 3498 4751 8833 1787 3428 7053 3916 7095 6560 6933 7108 3032 7556 1953 3020 7316 1439 2488 8061 5662 9008 2629 2540 8636 227 9269 5304 9456 729 9405 3241 3700 
7646 2154 4627 7525 9275 1774 3207 319 3292 9747 8642 8329 5906 5604 4832 9578 5869 3872 4348 6861 5077 294 5738 3088 6924 7924 328 5426 9397 2940 4175 2542 9909 9410 4018 3986 4558 3540 288 7047 93 2261 52 6647 8338 9105 4657 2615 899 6259 6935 9230 725 4462 6264 3253 4620 9542 3499 4887 634 1366 3145 5848 734 475 673 5005 2665 3923 8269 7164 6897 713 7601 9586 3941 2826 762 263 8874 6132 5592 6362 5184 8729 8352 2649 3043 6207 8363 4029 1687 5835 1881 2049 8605 810 444 2118 
2967 1498 1066 273 6491 9637 8698 1588 1824 502 6628 8373 7358 8544 1714 4420 8542 6105 1611 8298 2349 5546 6814 435 520 8314 5057 2473 1524 5927 3106 2020 9658 6577 7873 743 347 3298 8250 8754 4724 5075 8340 3686 4584 4607 1612 1450 9147 6369 7657 3865 4260 3893 8613 9072 5572 7334 6598 7680 8878 7668 1843 4489 2089 7309 3573 5750 2612 268 5847 4980 6385 3903 7538 4914 4182 8459 2663 3655 1946 6994 9587 7767 9383 4136 4069 9514 950 4367 8438 2565 8286 2069 3240 1083 5509 140 6278 2416 
2040 2853 4202 3119 9036 9811 3814 526 4388 5543 7828 5716 6253 3953 4868 1494 2789 9782 9194 4645 7533 4807 4301 1559 7578 8442 8887 8481 2305 8326 45 3328 2461 4402 6335 1143 1841 9265 5630 8374 9801 2027 1441 3794 1514 8927 6585 3638 3950 2699 3757 5085 7617 3913 2745 1246 9298 9649 873 928 31 1557 1734 4100 5461 5358 3127 9688 2460 6921 7697 5605 3533 3025 137 777 7324 8881 2259 2761 470 5363 5061 7995 5106 9912 660 3537 6021 1951 6553 4689 6916 3691 4979 8466 64 5521 7621 8701 
3569 683 1323 48 9474 7209 830 936 1830 8770 9774 1919 2269 8581 8432 7086 2516 7061 8018 476 2985 7356 6390 7475 6712 9916 1666 9797 8154 8111 6352 1829 770 854 9248 5002 7954 469 7642 6258 9585 6370 7842 2064 8983 3719 6122 5388 7435 9123 9682 658 1256 9764 3157 2830 1229 4071 2621 9047 4683 7721 6116 3554 6562 5003 5601 8368 5743 2307 1808 5227 5678 4829 6533 3885 4536 4395 8563 5581 7244 228 8751 1430 9432 8515 4842 8161 630 677 6836 771 5879 601 366 1419 159 1166 2204 1891 
9737 344 191 7679 9233 6288 1648 2616 1822 5259 6018 7016 7491 8171 2246 1041 7361 3905 201 1479 4078 9002 6849 840 296 3120 3005 1584 9433 4448 6829 4993 6381 6113 6908 247 7551 5971 5441 8419 8411 8316 5626 8622 7883 4740 1695 2886 7910 7779 6557 3772 1592 9600 9462 7962 4433 3513 5018 938 1543 9942 580 8429 1429 7100 3311 223 4590 6813 827 3614 7423 976 676 6554 1724 4453 5628 1647 3695 9113 818 8561 6912 5238 2622 9769 5073 3900 2254 5891 2709 7890 8412 9609 5718 6099 1217 5832 
2790 14 7153 2140 6930 3774 4403 5205 8941 196 1069 3776 5340 4338 3535 3185 4267 9283 219 4191 3577 2159 8288 7131 1091 6126 7909 2994 9831 3202 9754 7326 2933 3970 8497 2114 9749 6945 8652 2908 6128 5577 8650 1090 8774 7362 3302 1452 2152 4897 1247 6083 3482 465 4422 6432 3808 6775 6202 7877 7645 6418 3618 7237 8889 1567 6064 1533 7490 662 9406 7150 5532 5583 7748 4640 5982 3914 564 3128 4188 8643 5483 1593 5843 3152 452 9349 3532 8694 8331 4797 1449 4866 7304 4636 7236 2053 2469 6069 
7116 946 761 6364 5611 6637 1062 600 6304 6232 9476 5341 5054 9541 1294 7140 5344 4005 1369 9133 7990 1010 4726 6860 3781 7074 8327 9217 3803 4796 457 4632 4495 6297 5610 3861 9679 4798 6172 9849 3373 9718 9765 90 2346 6949 883 2192 2422 4826 4739 4484 811 5930 6608 3636 1708 6014 9856 5350 2875 7729 3693 4605 7635 2744 451 7565 6794 8501 9597 4523 3109 9961 5298 1252 2870 5206 3646 9475 1284 5158 9729 4802 8174 3457 6564 4952 4265 7844 6845 8437 2321 7580 7994 1095 3627 831 6356 9443 
3165 6019 9221 9622 3437 8139 1975 898 3126 4201 1952 4189 6934 8215 3546 9264 4770 2164 8779 6261 2770 7918 9069 6591 9391 426 4291 2383 8090 8899 1024 5495 1516 5409 2763 4223 5632 511 8633 9480 7386 6031 6100 8238 9795 5690 5016 8066 6603 3055 215 6683 9714 3561 2961 3531 3972 4533 961 4644 9724 7981 9798 7777 3930 6920 8445 7028 3763 6049 3450 867 764 8397 117 9131 5381 4162 7355 6749 2596 7107 6627 4912 530 2865 3689 7898 7509 2846 6179 5359 8906 4815 9435 5772 4950 1927 6737 4497 
5811 1023 257 3676 6724 8974 2515 8113 3538 5193 8357 2918 604 5976 4947 7928 6421 5837 7264 1810 8826 5310 7111 5526 2180 8598 3325 384 8853 1993 4298 2995 1513 8385 7322 3385 3480 635 9374 4600 6030 2912 4125 6661 8153 5330 9029 6859 8193 1390 4093 6692 4180 5114 1997 611 2982 3135 7283 3863 4892 894 1132 3013 5915 7750 4768 9739 9454 5618 4389 772 1262 8540 7725 1512 4076 1803 1851 3321 9915 5730 7528 3834 7631 4813 1009 7949 679 3041 1411 6255 7337 6822 8102 6803 2829 1082 8510 4426 
9610 8964 6445 6682 6447 6446 9497 7148 4948 2272 2311 8095 7273 2980 8256 559 4908 8387 552 6350 1838 8568 2695 8013 726 3496 5963 1795 6574 911 6254 2764 1842 9403 5778 5970 9165 1133 3599 222 717 2792 8460 2339 4557 1233 4486 1168 2941 7006 7163 5573 5983 3855 9663 1548 1456 6120 5149 2475 6274 2166 7887 4457 8939 3817 5144 6143 8135 5917 6284 1145 3151 8078 4856 8000 6226 6457 2822 8381 355 8253 5195 3742 8285 7020 7555 7348 4254 8369 8875 8775 493 2315 2566 8713 9107 8396 2554 5714 
7593 1766 4822 3500 8603 4128 8646 4003 6676 4054 7789 8006 8052 4720 49 4366 8413 3506 8149 7600 6588 9881 9846 6282 4218 7788 1519 2026 9602 3326 2119 8924 3909 256 8041 1081 8084 9183 8218 3379 1385 2012 2872 8347 4480 1502 6371 2787 7137 8718 9502 3518 9968 8656 7367 792 3117 180 3111 6413 4447 1287 6053 8595 2497 4773 338 6951 4096 5562 5025 327 749 5186 5839 1723 3056 5663 4514 276 2502 6756 4873 9101 1153 2529 4793 4756 8233 7993 645 8057 5251 4458 9896 9004 8879 9278 2382 1680 
3993 9053 5318 2611 3370 7396 9384 6427 1021 7791 1790 4234 4937 2427 3621 372 3811 7443 8619 7051 1928 6610 8228 9685 4570 1304 1510 2021 9962 6043 2016 4534 7208 478 5160 8007 1270 9125 7162 1811 8115 3079 1483 2759 4898 2903 285 904 4282 5039 1926 4148 902 1785 7062 8094 2318 9056 655 984 3337 9690 1957 4953 1941 6155 2165 27 9356 718 4938 512 6111 7999 5889 4491 582 6313 8376 1987 3559 5770 2434 3974 4535 6428 6215 7698 6145 1197 5570 6094 4701 9310 5460 7429 8196 6840 5858 9581 
8954 879 1102 9615 67 144 1393 6815 5172 4417 603 5924 2837 2220 6174 7886 8546 2470 4511 9045 1508 7260 2231 4648 2451 8572 8349 8341 6527 2294 1602 2387 5466 5918 4126 6251 4766 959 7858 6954 7187 4353 4408 2116 3080 2558 8444 9676 9396 692 5560 6497 9559 591 8330 3515 9640 9354 4235 5335 5452 8647 2827 9175 2997 7944 2644 4983 9369 3339 2625 7613 2336 640 643 5875 6033 7521 6883 6703 7885 7469 7349 2593 211 7835 1705 1243 350 4792 3747 3426 9947 5686 1673 2897 3991 4241 5978 2735 
1156 9515 4243 2549 8742 19 9055 1897 5176 8428 7862 4934 3042 2520 2277 1164 1285 3329 1853 8912 5365 1988 6392 2048 6624 1267 9324 8362 194 4150 9951 2760 8800 6643 4562 2499 1436 9294 8197 5277 2147 6932 8945 1654 5012 9713 2324 1073 897 6465 6142 78 9989 6892 4186 516 1722 9545 1397 9560 1725 8371 8812 4278 8267 4051 5508 7797 4899 7589 6696 785 9533 5338 40 6833 4916 1585 7957 5449 4571 8844 918 1998 8733 3947 3555 5143 9971 2255 329 2998 8522 6731 269 1878 3168 7191 6856 6751 
3854 4839 2746 9646 453 8944 7754 616 7258 1850 2195 4416 9471 2576 5852 6649 1599 6984 9731 1656 3862 2990 4602 6776 2456 1198 7716 20 2601 3159 6375 312 7144 1910 8168 330 514 8516 6810 6028 4589 3199 8082 9716 440 5342 6365 2751 1619 147 7291 9316 9504 4959 6173 3897 926 5009 6473 8521 6559 667 1303 3789 9910 3410 2409 3813 431 124 8384 2132 3392 4869 474 4970 5775 3777 1689 1655 5377 382 5274 4715 9659 8045 4780 6424 891 5903 8537 5659 9466 7200 4588 3162 2684 5652 1211 5974 
1326 3838 751 3406 9790 5157 2879 8241 4268 712 2366 9273 7430 6367 9694 9902 3132 9984 3564 7851 9408 9176 1408 1029 393 4969 8190 4931 376 9010 9943 3226 9642 6914 6812 1914 8423 7662 5481 3589 3036 9489 417 8658 7761 154 4515 3491 9945 164 9028 3082 7511 2507 8732 2050 9711 10 5589 5938 7614 1875 2055 3096 202 6523 9526 981 4500 2002 9698 3415 2750 3507 5034 9893 6420 5596 2457 5432 1556 3395 7254 1538 8880 2068 9350 4331 2834 7785 1049 4526 6605 1775 8068 8562 8702 8249 9813 9313 
6504 1772 7159 9351 2235 4286 2914 7934 3085 8676 8336 3039 6590 2951 9907 1740 6943 7232 8959 9775 9786 8951 4263 3938 6289 5234 6336 4787 4506 5273 9272 4470 4956 5639 9198 9192 1278 2805 9625 7064 8163 1801 9520 2688 5089 7660 2796 5354 7069 4844 44 579 3647 3659 1607 2910 68 3009 7714 5062 856 9426 7067 8832 2552 9922 3287 7412 3411 5741 7760 9159 5443 3765 1688 6079 3266 6209 2832 2374 8478 1895 9118 9553 1383 7795 9223 255 6001 6642 2506 4647 1562 6868 9318 7284 5740 5406 2185 199 
464 7235 2230 9670 1245 2498 565 4886 8031 5221 3378 4525 9573 4548 9993 570 1940 1178 5537 5389 9631 6470 4734 9314 2376 6704 3447 1352 1146 556 5053 2432 1500 4672 4056 7128 9708 4612 2108 1382 5046 9020 4060 8377 4098 6087 3381 7321 3022 6082 6093 9835 8055 5223 6440 7865 1578 3544 4042 1739 9033 6681 8670 2811 8085 2171 1713 2380 5931 505 3280 3218 6229 9025 6701 7126 7122 1856 4799 203 1530 1094 8672 85 3751 416 6600 2239 2004 3997 5637 1380 9195 2793 1541 5653 8212 1455 402 8213 
8821 6328 1667 6407 9340 2117 531 5888 8771 3662 525 9594 5056 4865 8089 2689 6265 1712 9748 3805 4987 2702 71 9510 6996 4118 4197 3340 7468 8953 4942 3631 3284 5189 6677 9352 8757 4171 3356 1580 4075 4086 2999 8748 1771 9472 1962 5001 2978 7102 4550 9032 8704 5213 8635 8843 9847 1218 7942 2572 8464 3651 1216 5790 4105 8119 6402 3758 1123 139 3015 6785 1651 5961 3664 1900 8915 8365 704 3377 1310 6998 9903 127 7956 7274 3525 2079 5150 4749 9420 7066 5818 9021 2952 5828 8773 7065 3413 1732 
6464 7982 7861 2778 1389 3936 9373 1099 3818 9244 2864 2635 6806 4615 8348 1398 5225 876 6871 4847 5591 793 4324 3512 6025 8136 5975 1684 1657 177 5471 5886 9459 3130 5874 7996 9366 2441 1539 6953 5706 1072 8518 4357 4921 2483 6074 8673 7129 1936 1165 6216 3179 7758 4907 3783 3255 8859 8649 4824 3051 9429 1660 6380 9401 3213 5773 7281 3404 8417 3650 8737 8280 5051 7341 9535 2562 2121 8304 553 81 3113 7763 2733 8683 8553 7388 7365 4362 8010 945 9355 3516 7841 2508 6720 2153 5138 3449 7018 
9037 6490 5937 1122 2065 841 2693 3850 7904 8707 9897 7240 7110 4665 7457 3754 1020 8026 9111 8194 4502 6841 7134 9562 5095 957 5128 5614 4816 5487 4951 7666 3994 3795 2486 2835 736 4554 1575 5593 4049 271 9455 6674 1911 9638 4430 5411 917 893 1138 7262 2148 6640 7805 2874 7170 952 106 2664 4325 5361 9845 1818 2009 4821 5831 756 9652 6786 5939 6024 6286 3488 4976 6995 3322 4074 1547 1989 74 5943 3203 3926 9336 8315 3011 4135 8965 3306 4262 5582 8930 9917 2333 8710 7824 3919 5727 5619 
2785 1605 3685 9214 9757 5921 3528 1606 5633 3864 6361 4895 2561 3981 1221 9257 3623 5367 491 3745 5313 8719 6241 2934 3303 819 224 8525 4617 2754 6970 7425 8639 5992 34 3274 9521 6896 6940 2181 5779 6976 2095 6319 373 782 2299 6519 9664 3565 2253 7472 6999 4673 9329 2301 4415 9921 7912 3832 1600 1172 7174 5795 1003 6783 8307 9641 2189 425 2316 3642 9184 4702 5503 9268 8781 4097 1646 5995 1141 2335 3116 9017 2501 1529 5994 7701 5518 8469 4709 6941 1371 7378 9606 9368 1350 1594 1852 7336 
121 2586 1765 2224 5255 6047 2217 691 2401 7292 8528 6567 1328 8405 2408 1008 3675 2824 1839 1184 9270 8663 868 7687 8148 6501 6988 536 4629 998 575 8079 6545 123 8448 4820 4544 8531 8017 1796 8554 4996 4196 8882 732 3293 1799 2855 6107 4517 1504 5799 281 9232 4510 2979 7736 4852 6403 3248 614 4777 209 8931 9477 5948 5603 1939 4066 8648 7026 2680 5181 6618 6263 8351 9839 1642 9826 4578 4123 7672 3374 7902 9285 9761 4020 9540 8723 8809 5279 8907 9122 5037 1825 6644 9512 5897 6889 4825 
7648 2945 1834 9605 3677 3368 7019 6709 7041 5565 5548 4361 1235 5196 8081 1886 7899 6623 7916 6556 6834 8059 2587 7229 6303 5325 6476 944 2330 6503 8143 4927 6398 2676 7030 4110 1837 1196 847 857 3704 9096 6728 8500 7072 8955 1835 2541 2285 9953 4603 8133 8496 8813 1249 8236 8245 4270 9604 951 5629 4757 4419 388 1109 5511 7952 5280 136 1340 1396 4084 3414 6727 1819 4442 4819 2130 1375 6766 4736 6993 7123 1677 1359 4747 9234 3880 3154 8952 362 3134 6165 5116 606 1349 1485 9892 4079 9389 
8725 8290 3172 9170 628 5067 241 4769 696 6186 9793 9891 9973 7606 5010 7568 9116 7465 3575 365 6956 2783 1692 9785 8076 4321 9079 9558 2614 3279 3420 3107 561 1745 5752 6662 5545 7852 7105 8039 5751 8209 2660 4599 4377 1555 1923 7769 507 6673 3006 1755 8555 3252 3358 2377 4778 850 445 158 6626 6832 3002 8192 8689 3310 9970 4156 9201 9377 9827 5040 877 1743 9807 8920 2425 3746 9181 2973 6041 3315 1711 7796 5651 9656 9453 1751 8492 7857 2086 3183 8230 4595 11 7794 5865 8761 8170 537 
7498 7311 8033 5136 8223 1002 8960 3001 8681 9885 9561 253 6221 3024 653 2930 9447 9038 1553 9031 4678 6133 6109 4943 2590 2900 9290 1225 3225 1275 8402 7972 5170 6620 7675 1410 9677 1814 23 6621 6957 305 4668 6299 3258 790 2421 6502 8905 7168 2338 9937 5781 6537 5459 4691 7455 1280 4650 8606 4004 9883 3620 1847 3091 6479 4831 9591 2838 4767 921 1984 3320 6078 8486 1521 1470 6054 3429 2414 1994 9596 423 872 4236 7625 9375 920 4567 6878 6359 3100 3086 6433 5609 57 1180 6273 2179 6864 
6925 1862 3066 9465 8533 3674 9188 4452 6037 8714 8985 1220 6088 7753 647 3873 9042 4058 1120 2174 7629 6663 7360 5553 9481 5966 3860 7741 1736 5092 2225 397 8254 6966 1131 8929 9745 7338 4998 9386 3012 9421 8835 8621 9967 8535 258 7057 3977 7167 5068 1148 4721 6382 2863 975 1281 2672 1333 8410 1744 2289 6015 1621 2240 1068 7289 5531 3034 2844 5717 5351 4349 1330 864 5334 4006 7615 2411 1532 4522 8790 7815 685 3421 3896 5892 3376 1840 2102 780 2774 8943 3137 7384 1228 9919 8434 9030 7096 
4642 9327 7963 3653 7545 9901 7221 2090 3053 4246 3633 3345 264 3093 8584 2711 226 9177 2714 9262 6051 5758 3593 3580 813 8727 4834 2029 6690 4271 4553 5134 6276 4445 324 4370 9925 1869 6718 9725 2438 2574 1980 3749 4761 2360 6787 8938 9126 7143 1552 6990 1472 9855 8886 508 3952 5882 6547 2319 9824 9164 4178 2851 6011 5410 5969 5240 9734 5807 6853 8053 2868 2286 1960 5697 3155 7477 7104 6594 9519 1482 6459 9151 9395 5681 6206 7497 5317 2970 3894 1861 9258 8020 4577 9850 2188 1222 8096 1630 
9090 6601 5254 942 8523 315 612 7319 855 3579 7052 619 5536 409 3983 8273 9726 4655 378 357 572 2379 5437 2000 5941 9119 7091 4199 1219 2218 6472 2197 4613 9321 8264 7463 974 9727 1394 8815 7442 892 3724 7571 2931 2724 3062 3044 28 7649 9723 3728 550 6208 2352 5585 8046 2946 5324 1876 2399 8816 7812 6102 6617 7044 9614 4924 7958 9303 560 6691 7197 590 2078 5525 2636 9359 4846 6655 8890 5493 7042 7182 4242 7632 2630 8898 6147 7376 5703 1357 9924 9629 3118 8787 8793 7946 2353 6423 
2394 8797 5147 9425 6800 4120 3263 6893 4044 1806 5079 9684 1019 5722 8760 5463 1858 693 3502 183 9496 8179 9225 7695 5965 7188 9078 1925 125 7653 9323 2797 5701 244 2241 3524 8669 109 7389 4122 4733 4671 9703 6625 2440 9190 2176 2856 50 5725 2373 4633 7669 5657 6511 6050 5453 6858 8504 4499 4494 4651 869 5496 8103 6867 7267 1355 9026 7905 29 3684 2528 2677 8685 4687 9251 47 4443 3851 3180 2233 2901 3761 7155 8848 5491 3730 111 3826 8968 4541 3388 2133 1335 4573 2828 6528 5148 3019 
861 9680 5742 1388 7663 6136 7494 434 3712 3514 5530 8680 7619 1036 1579 7186 2111 5060 3477 2322 4237 8388 5096 4592 699 9930 5086 3366 9015 2359 7381 5834 2546 9235 6374 6290 6510 2462 9569 8897 4212 4806 3699 339 5132 1603 6422 4059 4966 132 545 9112 6722 1640 4239 4050 7411 340 8380 2386 2219 4295 4288 6118 6835 3669 540 3206 3383 2756 8703 6235 1678 901 6729 3136 418 1700 6779 2831 7196 6946 9628 2795 1034 460 5944 7715 7422 7383 9878 7045 8275 7500 3375 875 6549 6010 308 4424 
5647 7933 4686 7033 6475 4157 4706 8758 8530 9743 5447 6961 5249 6456 9291 1305 6197 2623 1048 6613 2505 1981 9588 4703 6017 1070 6077 3768 1201 2134 7809 8513 527 1488 8579 6234 7830 7724 9307 249 9211 4814 286 1653 4022 2098 2589 2081 4784 6818 9104 8854 2906 2125 4107 5210 2419 395 1194 4754 3964 4011 9348 8123 1777 4369 3816 8110 3149 9505 5826 5960 325 1938 8177 8176 7282 4089 6436 9643 8247 3016 5179 8382 2381 9636 4387 2276 9241 2742 6820 7598 4611 4537 7097 7868 9091 1954 1551 9156 
8159 3536 4017 2207 7393 2478 3634 817 8050 3069 6494 7247 5940 4284 1423 10000 7306 9963 543 8325 7394 5769 8591 3835 7845 728 8569 9250 7413 5038 6589 4451 8104 798 7920 9699 6129 7524 6243 8283 2766 3654 2062 5555 8398 7727 3764 562 1097 5764 8575 5307 9709 9619 9938 3521 8185 3846 5890 8806 6268 5264 9531 6983 8845 6280 484 143 1636 3714 9345 5771 7366 198 6838 6700 8414 9446 7772 5819 4719 9009 2183 4024 8734 1800 4283 5954 8485 2186 1509 5151 3049 3619 1520 3333 1884 4310 8549 1610 
94 2479 8358 4682 2939 2227 5919 9704 2692 8491 21 6059 2466 2736 5162 3068 7480 3932 1405 7084 5854 9969 5559 983 6733 5859 9804 8708 6778 8364 3186 5815 6568 4404 9246 9117 788 2921 4900 3412 3070 6223 6068 4718 7156 2627 2862 1302 5058 4460 3393 8494 1448 7522 4473 4427 6632 3045 3610 1929 5115 5017 9537 8144 4176 8248 1793 6679 7183 8926 5972 5934 6275 5145 1948 6393 290 5084 7787 5448 6572 1204 9064 7453 5658 6458 3710 9608 7314 8705 1857 9281 7722 3197 670 1863 4334 7637 3474 781 
8978 2696 2909 5241 6124 3925 1527 5922 7639 779 2993 2959 1309 4441 3922 8706 4896 8594 5748 9380 3390 7749 4591 9081 6246 5484 7549 4922 6798 1583 4528 5812 9360 8892 60 8127 7569 1761 8637 6521 5288 7690 8925 1077 7515 6631 4327 9632 7665 4723 7678 5396 9315 6566 2923 7458 2292 6804 7496 8028 1418 7270 1273 4889 210 8641 9935 4625 2815 1698 6057 3466 4412 2334 5696 4290 4138 2916 6334 7228 9956 863 9675 6153 6321 3396 6611 2804 4382 7193 7931 4055 9473 7335 3497 7351 9407 8474 9169 5867 
2144 1959 1950 9371 9621 6680 1412 2077 7460 3256 2452 2890 7658 8467 8220 6200 3446 2303 4170 4343 3495 7577 3190 5362 7837 2273 4919 8310 8778 7561 2443 9076 7713 9182 1717 8766 6342 6584 7911 9402 5120 8679 7651 584 1638 3637 932 7610 623 9166 8109 9803 2368 9707 4746 3597 3459 3641 3807 7027 9185 6469 3948 6239 7040 6461 89 278 9944 3312 3603 5747 4670 2571 3239 4694 4490 2024 7146 2850 7866 2624 3996 3445 2981 8098 8012 9710 3354 392 6768 4725 9451 6302 2960 637 1558 5187 7087 8509 
6699 8722 8124 7765 6148 2329 4988 3473 7552 6151 3336 1890 2577 4195 6212 375 6808 1633 9530 364 6434 2178 9986 529 6358 4790 7112 910 896 2604 7720 8322 3023 5928 4127 4014 5655 7945 6203 4103 4249 9805 220 8819 1682 532 6387 1478 5332 6023 4095 7499 2327 7060 6669 4714 6467 6195 1027 6796 4509 4801 5579 6137 3605 9208 5042 5830 3048 3046 5704 415 1440 7831 6152 6898 9719 213 8747 9490 1118 6509 908 2595 9238 2935 7546 5755 723 1933 6708 3949 3715 348 3639 6451 1942 2880 809 3907 
3386 2645 6294 9168 9227 8752 577 7921 7829 3890 654 6809 6388 9287 2920 6546 4285 3606 3167 3624 1372 3868 1136 9603 2889 3958 1213 6997 3841 1707 2539 8743 8354 7070 3003 773 2738 4508 9243 9842 7432 2058 4043 5293 9624 7141 7516 3615 2578 9905 4929 8182 8851 4661 7689 6391 6414 8823 1679 6880 9655 8789 9093 1085 6225 8021 7774 671 6007 5445 8156 3196 8138 6905 8600 8942 9895 7121 4111 4539 7700 5909 5294 4222 7268 3547 8520 8490 8300 5737 6599 1899 2463 3430 2594 7840 438 816 4151 1668 
3956 4779 7906 1191 1339 9082 2922 3703 7686 5239 1788 7277 8297 7752 8227 9838 7372 3461 1058 2992 6481 8043 5302 1365 1376 7855 9744 279 1669 8321 9567 3156 9678 4392 7255 941 9331 1493 9365 1417 5072 9381 7286 2019 436 2938 3709 4870 2268 6199 1176 7733 7688 311 9379 479 9853 3823 1367 2008 1415 9437 9023 217 361 2279 8202 9458 115 937 2639 3075 3478 8700 2489 4999 7514 7587 740 2514 8715 1387 3581 1181 3285 1763 9495 2518 8980 2525 5390 7090 9693 8175 6399 1609 3191 13 2840 3353 
3000 5013 7451 4794 1170 8461 6354 5578 6131 3718 8342 7822 284 4413 524 4143 4478 5955 2075 8301 1874 9139 8146 6301 1620 8550 6084 8746 383 6583 5712 8204 8794 8969 3804 3313 5451 5417 1696 2966 2553 4106 2236 1937 1649 3221 4028 8222 7315 9092 2103 7410 3188 4315 8610 2323 7294 7530 5175 9550 9946 4918 914 3687 3101 3773 9236 5066 3828 8992 3566 9162 2300 6955 480 5558 7547 5422 7339 8266 6974 8891 5097 3439 5683 1104 1727 3901 6228 4264 358 2018 6329 6570 4961 7198 5721 9673 1738 7832 
4597 1124 4475 1127 3820 5219 4134 5174 633 8782 6438 1400 846 3987 4275 8199 8828 274 9833 6400 1223 7836 9650 2332 4641 1293 4674 4027 1207 5315 7932 3557 9933 6411 1320 5044 8235 1546 1254 1276 2720 8536 3084 3161 8126 834 2011 1453 6629 882 6159 933 8804 8630 8947 4883 9500 4880 1402 1306 8869 72 7400 3018 2073 8684 595 776 3995 1518 3073 6960 8599 6971 5980 8246 1337 1618 1817 9483 1528 1797 403 2814 7056 8038 9255 4240 8487 5568 7470 4297 8037 6462 6125 4215 3999 5700 8132 5656 
7692 7211 3193 6767 9985 260 2495 589 6900 7573 4888 2163 6245 1259 746 3881 9220 3050 8644 5228 4384 1475 2131 2120 9412 2442 5608 8346 9852 5907 8783 8885 3470 2674 5183 1299 9914 6366 5520 7223 7158 3526 9085 8657 8560 1706 1702 2025 7706 6144 6540 1525 2526 2113 4850 7605 4676 4654 2093 5926 9048 6379 5973 7941 8973 9992 499 4172 5768 3489 8527 6306 8070 6505 2723 2536 931 9099 871 2726 2820 1052 2248 6065 6003 1484 1731 428 2762 8008 7819 3355 2137 4543 4501 22 9681 5050 3673 3908 
3726 930 8876 8824 2758 5036 7377 1949 6716 948 7988 2162 9339 3884 1014 9039 4692 4376 4198 3750 6187 9150 6314 8034 9199 1311 7474 8418 9019 4504 6169 5180 77 769 5664 146 4220 7094 5059 775 119 3786 5929 4545 6982 7293 8281 7641 5257 639 9024 666 2768 9572 1031 7922 6463 5122 6685 351 7908 6123 7466 6801 3448 4341 853 7802 9552 2083 651 6027 7544 2238 542 8837 3672 804 5557 6906 620 523 2592 1409 8836 9869 1821 9404 236 6656 8186 9128 3810 1289 6441 9130 309 9409 1113 9864 
1930 636 3219 5374 6569 1438 6310 346 5123 5698 555 7226 5569 3257 9848 322 814 8303 5914 4323 6805 7585 624 2247 7987 3434 7745 4810 8940 9966 1462 3824 6293 2568 778 4016 6550 4257 1190 3626 1051 3967 58 2066 8839 8201 2971 6725 6008 3827 5967 8745 6150 6460 4788 6344 8597 3490 2860 5814 7404 4160 6127 1716 7661 6016 1189 8596 2878 737 5226 3883 1596 3592 9288 9484 5625 8457 8900 3352 6672 4009 9134 4618 3391 7681 8335 7704 3147 8131 4827 2584 3408 3509 6651 517 3372 3806 6219 5870 
8914 4296 5534 9583 8975 6205 6977 7375 8274 3057 7915 1704 538 1661 3800 7740 9284 592 2517 477 7943 5822 993 949 9333 5244 6986 6061 3131 1564 2652 9423 8345 3821 6231 7523 7623 9888 2155 5691 3063 1720 2974 3735 820 4538 3148 9398 8014 3112 1481 4320 8908 1422 3782 8586 4205 1158 8855 6146 9873 6416 5733 9077 3778 4975 1816 1768 4185 2191 5677 9222 1314 1295 9501 1465 801 2885 4379 9981 1432 6474 3858 3485 7826 7703 8499 390 3231 4729 7626 9822 9929 6331 3103 4073 6171 6573 4251 5159 
1544 7712 1992 1363 9098 7652 4289 1974 5783 4434 5098 3680 8421 4745 6066 4913 4854 7792 5208 1643 4906 2642 3276 3397 6312 1298 7903 9372 9539 874 8255 1110 8682 3871 6697 2039 4335 235 1395 2060 2551 497 1433 6073 7285 410 5693 6201 1115 5816 6919 6791 4363 1492 2182 1967 7327 3748 9193 4438 6347 2968 8383 3840 7520 8909 6664 8334 3990 1901 9599 4035 6747 2297 8184 2211 9741 1271 5462 2686 9683 5567 6029 5024 8463 880 179 8339 2467 3717 9886 919 6183 9860 934 5599 4276 3363 5645 9958 
9525 989 8032 9320 5550 5323 2343 1431 5673 5129 7986 8996 3409 2288 823 9149 3270 646 3809 2521 9124 4925 7510 1232 2942 2919 3029 7133 7001 7160 6322 9794 4330 6180 5789 5470 6862 6797 7747 4454 1028 9065 8894 9665 5235 4072 1934 7243 8042 6340 9216 1288 7385 3229 1882 5729 7471 3847 1589 1749 3453 7166 7991 7178 6762 37 4102 1064 9416 4876 5946 4117 7379 6305 6732 4437 5715 1381 9750 9143 888 6178 2001 8986 8502 6653 8097 9593 135 2989 6671 7770 181 8047 6482 2080 5649 9648 987 6901 
8578 1018 3848 5979 3790 8831 204 6417 8872 8590 4208 7762 8788 9457 42 4317 6985 1659 8404 4164 6755 5281 6346 6277 5671 9978 5458 6477 915 3856 3182 1467 1798 9654 4104 1501 9987 157 8106 2193 546 1282 7190 9618 6211 6826 6947 3527 2717 9551 5876 9259 7444 4355 5962 7929 4941 7271 3211 4181 9580 6140 1747 979 3296 4752 739 541 1416 487 2357 6170 5006 9809 1757 866 9399 567 583 6576 4174 5953 1445 1639 8121 551 7696 3911 3630 1674 922 4855 9689 8841 2757 8439 4459 6666 5866 9308 
607 4167 2437 4498 8573 161 8935 7677 6106 2843 2944 3228 6875 6333 1970 450 3341 9127 1392 5378 6489 4080 4 6654 5735 1985 3235 3879 4576 784 9022 6948 9841 3189 4879 65 2545 4488 2657 2448 333 5916 3737 8740 5989 6192 5566 3899 1286 763 4915 6185 2813 7558 7216 8456 2175 1859 3723 2092 87 134 2124 5045 5784 5308 5202 1848 6913 35 9799 1982 8552 5444 3706 7473 8675 5103 706 2142 6730 681 1086 2493 5476 5792 9557 8208 2557 1272 1846 7138 7438 1414 802 6958 8293 4184 7838 862 
5666 8532 3939 9752 7320 9894 5849 5271 304 398 6657 744 2245 9936 6918 4204 1150 4512 6320 9777 9857 2337 4579 5414 1269 2046 8946 2091 618 4227 1356 2367 2444 3305 4540 3357 965 2777 5019 757 6512 3440 184 2776 2304 1413 969 3762 3195 8205 1969 7194 6405 7055 3194 4287 1407 9668 9088 8064 5439 6753 1601 8367 4872 6565 1464 8107 7481 4685 1773 3734 9890 9120 9876 5028 731 9671 1737 9494 8977 6256 9792 2550 8651 3609 150 9271 1973 7647 1237 489 4087 3663 9543 5871 1175 5357 9941 3769 
1791 7803 1050 6850 4804 6817 2748 3317 5952 5391 4630 5031 6156 843 427 6404 3201 7218 1040 6633 4371 8317 7541 2105 8401 602 7364 1361 6311 5000 1995 7799 2412 7403 1613 7517 2007 7406 1391 2913 7501 5230 4224 130 259 8608 6134 8452 6937 7374 5173 720 2149 326 8998 3520 1831 8692 5007 5793 3402 9767 6543 5571 4964 9158 5165 3129 4318 8987 5887 5754 7784 5864 2059 3330 1101 9954 9434 4012 6115 4585 3233 4955 73 1879 4744 4456 9810 8054 7161 9070 1403 7975 6330 2097 3246 8318 7800 5052 
3836 5563 5433 3955 5739 7259 6478 3918 9582 8415 6448 3934 1206 3198 3010 6471 343 5542 7983 4207 8203 940 6444 625 9106 5455 8686 3443 3014 5674 815 5806 2713 30 5893 3105 4233 6130 7492 3215 208 9556 5600 5345 4354 4531 4232 12 1078 5078 9049 3587 9470 5951 8780 5535 2010 4019 7032 3590 237 992 5803 4849 8772 4594 2281 3008 4385 3915 5552 8543 9247 1461 1312 1764 8950 2005 1192 7461 8403 4688 3612 5026 4580 759 7215 7950 243 8112 8717 1978 664 6816 4221 8027 9701 613 3976 2242 
6746 8360 4062 4653 1966 5785 8289 8080 9305 9200 3550 3604 2786 3435 7781 8612 4485 1342 8671 1084 3643 252 5988 310 7925 2326 8211 6581 9623 4329 5492 4444 4735 3968 5855 2924 2325 3696 8451 4247 9980 6793 5682 7940 1921 4091 807 588 8870 439 9964 1251 8866 4070 7302 4760 5878 4619 6870 9997 7590 2464 2037 3418 190 4328 548 3912 1044 51 1368 432 3468 5945 5538 1781 7154 9274 9733 5399 9152 7169 5723 832 795 9280 1961 6210 3844 845 6285 7152 9616 5595 1833 301 5276 3021 8308 61 
8638 9080 7 7974 6580 9957 2671 1598 3487 8150 3980 7325 1577 2808 5514 4978 8158 2975 7373 1477 4994 4038 5868 2271 6619 7875 3102 4646 9513 2602 5993 2707 977 2965 7682 2296 4622 980 1916 925 5080 6435 7113 8860 1623 3545 3243 3237 8982 3716 7253 9486 3588 707 9115 8019 1697 5669 4281 3503 6236 988 5702 2547 3316 9322 8818 6252 9721 2127 5093 5353 1316 188 2905 6877 6922 7707 4217 7049 9527 9338 3455 7275 2477 4664 3267 599 7446 4890 9145 4099 3294 3028 1067 7506 9346 4025 3875 5668 
3078 9823 200 3283 63 4173 6881 9239 8422 3220 669 3150 6483 3979 1071 1499 6563 4250 8664 8483 7313 916 3889 4311 3829 9796 3389 9998 3720 1958 7296 7418 5333 6969 3992 2094 7616 5823 5306 9073 5842 7312 9256 1931 3334 2160 7853 352 6967 7239 3125 848 5246 2810 7967 5266 1570 7021 8763 710 2206 597 230 3076 3898 4877 1486 1098 6307 8709 5759 5746 5200 9206 8162 5467 7859 7513 2449 8458 5529 8258 1491 4551 7098 9084 6308 7265 6942 1549 738 9212 7318 4549 3200 4092 8690 9014 9400 9061 
6516 5004 9830 7980 4048 8406 5497 1826 7708 4461 5393 5587 6332 9563 787 1866 6852 9142 2683 5117 3216 4623 4015 8720 6075 7992 6719 8564 5810 5479 5977 1185 6645 1664 212 1195 371 9577 9787 7833 5615 5791 2082 9740 7636 1348 7821 7357 4391 4750 1144 5688 6695 1685 2987 576 6979 1495 7234 7702 495 629 2265 8375 8999 2290 4067 8625 6353 8534 8526 7917 5636 2544 7966 3942 3785 1117 6377 5794 3026 2424 101 4992 6300 5991 6455 1353 6702 9341 4817 3289 5209 5137 2454 8864 2061 7445 4083 7574 
8137 2771 3574 458 515 3422 3960 8323 2719 1358 7298 9999 7685 905 6009 9639 7756 1608 5326 7009 1563 3917 9868 4400 5263 3595 5624 4830 8284 8488 128 8122 3143 2581 5947 9760 3591 6745 4564 1116 282 2184 2816 5776 24 6496 1318 8140 8092 2138 3849 1836 8505 6450 412 1735 4811 8631 4791 5524 766 7177 1047 7136 4939 8736 7224 3788 7599 5088 5218 5309 5415 4795 6587 7269 5507 6063 6975 6092 1215 302 2087 7299 5623 1140 9179 2737 5936 3238 5913 7459 7401 9424 3222 1015 7089 2950 3869 6558 
5142 1907 9720 7536 4696 7333 5110 9988 5168 122 8130 5726 2129 1022 2243 1460 9979 5270 7103 6865 5464 2936 6823 7300 7782 9467 3766 419 105 1370 4272 8970 4471 6646 8224 3230 5355 9445 2591 7768 82 1080 8257 8270 369 9660 598 2929 323 6541 9060 6401 9289 2415 3141 214 7125 7609 1782 2892 2392 76 2397 8216 966 5598 6217 6104 4638 9742 8981 7287 7467 8667 4530 1896 3830 8967 4183 5654 5607 615 2772 752 8678 7766 2560 8409 7543 741 6181 4662 8160 3920 8071 2605 7025 6831 5398 389 
2389 6296 5857 8142 9387 884 7017 9977 3738 5713 6507 2032 5829 9007 9074 7734 9129 5139 6748 4785 9548 471 5801 9108 7638 9952 6055 6517 5527 4859 9691 3998 3731 2099 8495 2430 1169 3598 9630 2278 5171 3657 9784 8852 7436 7504 9982 5124 5408 1535 1242 8187 7582 5949 5178 8735 2996 9326 7650 7816 5932 104 6884 8834 8207 5506 2104 3791 6964 569 5131 1463 5356 7935 9342 3242 7751 4200 2413 1324 5707 3645 1076 2151 5564 4446 2070 7176 690 1300 4903 5121 7997 193 363 747 8242 668 2362 1650 
4153 1108 488 663 8003 1297 2033 4851 4631 839 7035 6343 6694 1812 7856 4396 6917 4036 4346 837 8455 448 6295 5885 8120 1260 4115 1106 8394 627 6582 6638 5844 4225 1807 2400 9411 1809 4699 9382 5540 1855 4771 6524 7738 8226 4836 9469 8655 6665 6774 9712 4352 3815 3122 394 3077 2833 4466 865 1634 8979 1188 4482 7114 3886 3694 2313 8164 292 5048 999 3300 3667 2782 4258 5622 1622 7478 1468 8234 7874 7717 8426 7881 7431 321 2799 9253 8320 990 3369 98 6032 7278 8932 5312 889 283 885 
8916 7288 7145 9 3882 4088 2669 2599 695 7640 7117 7960 9554 7078 9388 3452 6963 8044 6492 8850 6 4639 4378 2234 8936 2287 9837 838 91 7718 4905 7529 3124 4741 6539 4154 1991 3586 9089 5076 3282 6368 4932 2734 5166 8309 1641 5021 8030 496 3629 5643 8024 1149 2445 7395 5996 6279 4774 963 4299 1404 2718 6989 6262 8167 5407 939 4152 2818 9875 7746 2173 4312 1769 7011 4561 8389 5635 7256 6298 1161 6269 6641 8217 396 9667 8048 4763 4101 5111 684 825 1683 1964 7231 2348 3534 1446 8118 
2926 4476 2459 1130 9918 8221 3852 3407 6114 2237 4894 2555 2845 6237 9806 8435 7818 1767 9832 6097 1212 1182 6222 5782 2161 9635 9245 3275 3327 2976 8400 4583 8147 4565 6493 4805 8744 2731 6882 7889 8617 9612 8023 1250 399 3812 1114 2743 9736 6160 2471 1920 6579 8489 3743 3236 4261 462 7622 1268 8370 2251 3494 8306 8277 8062 3362 9524 5687 171 6443 2949 5177 7726 1089 8009 9367 9146 808 3433 3658 2983 9687 6760 4555 9566 5896 8730 8798 6825 9362 1681 360 5800 7502 7207 4390 2282 7399 7050 
5631 5287 6112 9657 1088 3874 356 2869 9653 6488 4982 9866 7554 4147 5884 5109 33 8817 4380 9544 1996 3578 7043 7948 8252 7630 3959 3486 2710 2015 6903 1443 2937 9353 4214 2347 5705 5107 3178 2172 9209 7440 8805 3419 6089 9518 568 3171 7627 5349 1721 6081 103 7518 4843 7029 9003 7596 4248 5127 7257 5297 6167 754 4505 1872 578 3264 8125 8067 648 4423 5185 2819 9858 3644 1105 6874 5370 6630 2041 2260 7179 5644 318 8129 3558 7559 2388 4431 5480 2675 6317 2972 5047 3484 6799 3608 8117 2283 
7864 5732 5457 6058 4081 789 1384 262 5817 4547 7730 8626 7225 1065 4695 4255 6070 5942 8237 8060 7583 1587 5719 5023 929 3405 8395 8962 659 9171 8922 9335 3210 3891 2385 5685 5152 3943 5201 903 1126 1205 3876 3853 8856 4977 2877 9254 4783 2654 3705 1093 8279 2203 7408 9140 2857 7427 4990 1616 1360 3727 4634 7493 8541 7230 2798 156 2417 2895 9781 2503 1815 8820 5154 956 8846 774 1001 4273 2638 4082 1129 335 9431 7046 2703 767 5898 6770 5248 2600 9440 9417 2302 1752 5905 9086 7390 5880 
6991 6529 6233 2821 7082 1906 1893 4781 5242 2898 5478 6345 3601 1522 3314 261 5616 39 8259 69 6453 3563 638 3551 858 2598 3394 1496 221 429 6830 2309 7870 473 7699 7130 2911 3867 3954 8724 26 5861 8808 9995 3272 3946 2957 4053 3067 32 5642 1231 8074 6790 7693 3744 9722 4569 2406 2569 5198 1107 1025 9976 1730 1663 8361 3332 6839 6959 3971 9005 3542 186 1506 2876 7849 1733 758 5808 672 3622 160 3740 3204 2143 500 2496 4375 4211 3472 7951 2651 9330 7449 9141 1903 4030 3359 2436 
5475 3505 1955 5763 5022 3866 1240 4280 9590 7002 2753 721 8002 62 7063 2205 6266 8001 5296 3549 1037 6244 3508 7823 2643 59 7938 6873 3444 5267 4546 8519 4112 8601 7659 75 5873 557 8576 1199 6487 842 9441 2780 8803 7317 8791 2371 2187 5845 2034 5590 534 9620 4965 8785 5211 404 8328 5756 1676 8172 6973 2559 7550 5203 8155 3153 6757 7464 7039 7407 6316 2210 5074 6425 697 407 4145 4477 4190 1087 6119 5376 6177 1534 5824 3205 4973 824 7217 2806 8299 5113 6542 9595 1569 4963 6792 6006 
5233 2356 9487 3560 8446 1399 138 2196 8580 5043 8231 99 6607 806 2531 4812 9197 1956 9295 2252 1932 3902 6688 3801 5305 2573 2405 2958 9493 953 1283 2618 9499 9422 803 5813 797 2991 5454 2548 7462 5709 2704 1160 6575 3845 5339 6759 2006 3038 169 7382 9202 1537 574 8425 1625 3733 7793 4722 1531 8453 1329 6904 4381 4007 4765 3576 3104 9103 1915 3721 5336 441 2030 6968 5510 9768 703 8755 2585 3254 2128 8169 9634 9205 6902 4712 9589 6247 5695 6978 8077 6506 912 9732 7595 8538 3170 9991 
6667 6740 7081 8188 2410 4306 3364 6811 661 5118 5744 5104 4142 1719 9817 5286 4129 5402 3690 6468 162 1134 5125 3436 9488 2390 1292 4658 708 9617 2418 7594 2223 7783 8640 5513 4397 466 2317 8604 79 1536 4347 9579 8865 133 5387 8871 5029 7896 923 4372 4356 5041 8333 2375 3819 3568 4909 8557 9376 1274 3060 4593 4057 6555 6788 6854 7272 4401 7099 9949 1844 678 1560 297 5838 6272 7034 5403 5694 9644 2209 9450 7656 1604 1315 9027 3232 1152 3281 2076 6141 6052 9279 4132 472 1147 4867 5650 
7757 8539 3973 2123 5427 1972 3888 4231 2391 566 4149 6188 7863 7347 9237 2395 7402 2433 5588 6888 6363 5708 5617 5648 2755 1597 3139 6238 3158 7307 267 7604 1574 4809 7694 9570 5169 4772 2126 3660 8189 971 7971 8616 7149 6652 2666 7882 8313 1291 1945 8716 7195 4521 6034 1849 3176 8165 8468 3427 4279 9178 2472 8830 6926 6396 1568 80 2801 250 2637 5375 9538 9228 7119 3094 2146 6807 7603 585 7419 8582 9662 1442 539 1096 6406 3543 2071 492 5290 5720 5372 2200 8873 6309 9001 4294 9627 6717 
1867 8921 5575 6738 8991 887 5329 3431 2953 2747 3594 7005 9479 4259 9390 2537 6885 7566 3423 9337 9651 1565 8634 4228 6157 2263 9702 1637 4163 8838 522 6139 6378 4351 6045 2932 7891 6952 5516 8923 6711 195 2446 9815 7416 7127 3668 7175 6072 8472 5749 9780 9828 7246 2725 7109 8408 3736 1860 8623 6383 8883 6846 4411 9344 4405 6586 7804 3792 1319 7505 2298 4155 4731 6886 9854 2575 4563 1631 7834 266 9392 9240 549 4165 6327 1042 9207 2310 7673 6710 593 6923 587 9215 967 4493 8473 9218 9686 
7132 4893 5661 1004 7557 8768 4001 8721 8961 8503 3831 9812 3398 6735 3108 7433 890 353 4989 5352 7848 293 4660 2556 3857 2084 8963 6176 9057 2706 9900 687 1545 6339 463 2145 8004 4068 9738 3348 1045 4755 3099 812 2732 6242 544 3360 36 4253 1880 7024 750 9050 2700 7778 4864 6844 4954 7771 1804 5429 7965 3688 6189 7003 4345 6044 3163 8356 6843 5533 18 4860 9607 187 3335 5500 1187 9343 3367 9013 5620 7015 5767 7608 1351 454 6571 54 2681 7118 7814 2802 3552 7618 2899 6551 1754 8427 
8628 3957 4336 1135 4358 9203 2510 6754 7564 277 5923 3146 2455 4013 2884 4425 2404 9715 7575 6520 4192 1576 7671 9419 2365 485 430 9296 2085 5689 8995 3350 8762 7634 6281 3458 513 2135 4649 3924 5428 4997 1171 8624 7447 5736 8822 1341 3771 1013 6324 8296 7527 2280 3081 9913 6782 8091 1760 114 7728 287 3985 3625 8512 374 8583 6534 3701 2115 4608 1474 6498 3802 7185 3965 7839 280 7633 2513 9904 4322 3351 1457 5327 5911 8976 8767 9735 7526 145 9994 4090 5320 4130 9311 3247 7414 1665 8966 
4758 8268 96 185 8857 9083 6419 9231 8565 4303 501 1444 504 7907 2701 730 1865 8666 6004 2051 385 581 3927 7036 994 5261 9110 3517 9260 2208 733 3780 7817 7930 554 8350 6442 8901 6931 4037 5011 411 4598 2661 5247 9613 3234 7290 2047 3140 9819 490 5777 7189 1694 5366 6827 1032 9511 5519 9137 1011 1261 2535 2867 2836 4216 2201 4418 9829 3214 4926 997 9808 100 5283 400 573 4194 234 5008 2861 9325 4146 8372 7344 3083 9791 7977 5379 1718 2500 7031 5798 4786 6117 1296 2881 1193 6357 
3269 6012 6890 5853 2854 2823 8524 1159 2986 657 6715 8917 3562 6561 9040 424 6386 1334 5141 1425 110 5322 468 9697 7392 5734 3982 9196 9863 4244 4492 8011 6578 2109 1693 5 7059 3895 7592 5488 617 9975 5272 8353 2157 5229 2659 8551 8972 881 1898 7054 8025 973 6518 8484 1909 6538 1823 7204 9996 6981 8015 947 5908 8592 7737 8801 9100 2423 5446 8 8660 25 6090 7353 9136 8430 9820 1854 3522 652 2250 2791 4464 1805 4052 7242 2194 1792 6182 1434 7192 5405 6108 9011 6163 9413 4704 5539 
166 2729 2969 3338 9094 8407 5757 851 8997 4339 5894 9442 3649 6085 6415 5070 5787 5091 2948 2775 1054 4002 5675 7251 5420 8749 270 5613 4374 9482 2698 6895 1802 7961 4708 1864 2849 5421 3510 8902 9312 5083 1063 8152 4559 2229 3859 1976 6376 9052 1321 2752 4113 1139 9927 9067 9783 6338 7878 5243 7142 3052 8811 9075 8677 1033 8691 3371 1344 5998 8545 9363 1426 9252 8614 4601 1046 2655 5602 5925 3460 2728 5990 4144 4393 8198 4679 6532 6038 3989 7202 8294 5401 4748 2607 8868 674 8659 9940 3799 
9428 7487 1307 9776 9361 9427 8933 2773 5586 1 7970 5015 2112 5576 4717 3318 5071 1459 8688 2168 1999 7484 2361 3244 3114 9928 7810 5517 5551 9983 8420 2270 2167 102 632 6612 8462 163 5597 7415 9121 3929 1658 7709 3090 8195 4753 6668 8225 1420 295 1571 3308 9418 4386 2697 9859 2042 9394 6250 9974 1497 8661 2249 4803 5303 5383 6723 7037 2350 1006 9219 7755 1490 2888 8547 7739 9187 7978 8450 9516 314 6135 5292 8477 8750 6196 5956 991 7233 6449 8984 1561 6769 6614 786 1888 2022 2794 7210 
9068 7434 9705 3209 2927 5282 7588 7417 246 6194 8665 7759 5289 7507 6495 4936 7173 794 6658 8511 9647 2481 3652 9491 644 5711 3501 7880 7872 2532 9592 9297 142 9706 6887 3904 3584 3670 5474 5796 2524 7562 5316 8100 9972 2100 2199 3752 6101 9071 1629 2378 4479 3877 8653 686 7301 8051 2384 3089 1632 5862 8239 3331 5256 9948 6046 9062 1776 2610 4871 8753 6848 9430 2882 8570 4040 437 3469 2212 2583 9242 4910 7808 88 2673 2533 9779 6121 7576 5841 5984 1770 2646 359 9695 5964 443 3933 9163 
2228 2 1119 8108 3467 9301 2221 5105 5679 4468 16 1908 7391 6660 3702 6193 859 7895 2580 8739 8210 7184 2504 2450 170 7959 2202 1913 2023 1742 15 805 7332 9249 5760 765 9174 3224 461 689 4300 642 2800 6706 3425 2915 9261 510 2678 7884 8919 9478 1581 6894 6351 3729 8282 7764 4302 6175 1203 6138 92 5413 216 1471 7249 5384 7135 4507 7607 3278 5860 1473 5135 3611 5140 3870 714 9043 3725 1943 3095 9449 3265 5667 3796 9299 8607 1154 1523 5780 6824 5881 8029 9063 9661 1244 5360 5237 
7346 7101 5343 1786 4697 8517 3138 4026 332 7369 1924 7048 2522 2074 3169 9517 9763 3935 5665 9844 7579 4616 7964 4985 4368 1783 7919 8036 821 6372 4863 2485 641 3260 6154 4742 2363 1162 2487 3110 3722 4121 1373 4885 189 4269 702 1670 7421 3277 4572 9746 8567 3058 2947 420 4628 2494 7744 6678 7068 7811 3570 5762 7923 7008 7955 4077 558 1828 265 1540 8292 5957 6689 8699 5504 5369 4465 1458 3040 406 9293 6048 2658 7454 6777 1902 4837 5419 3054 6784 6879 5204 9044 1526 3399 6360 6593 205 
3583 1264 2003 2291 8087 4333 4581 4085 2468 6430 7342 8910 3097 7572 5912 7926 225 2962 9666 5641 2538 151 2896 5833 4967 964 2767 521 4230 1427 4684 748 6771 6355 4483 7913 3661 4305 2354 5547 3174 2984 4203 6515 5207 377 5395 8058 6907 5968 7683 8337 2402 6110 6705 4556 6184 1977 7456 2122 7330 3442 1186 6389 413 3471 317 8073 414 7058 3797 5901 3227 3945 8447 4524 2308 4137 4414 8324 3223 1905 1437 6431 442 8611 4624 3115 3944 3906 3842 8244 1505 6149 5222 245 6466 43 231 6936 
596 299 8251 716 1111 1137 7083 1832 7476 4472 533 7723 2511 1868 3092 4532 4314 2640 5580 4061 5394 7212 3072 3160 6944 9439 8332 349 2667 1239 3173 167 168 4582 1174 1202 9161 4610 1748 6869 7670 7340 7985 5346 1662 5672 9498 4256 7553 3 6337 506 8728 8620 6863 1644 4891 2101 9302 7450 3530 8697 5090 7214 9911 2784 4439 6929 870 4406 4698 7181 7139 6763 239 9508 8099 586 4621 6698 7801 1971 4047 8441 3708 4159 3035 8654 7532 1142 2426 1265 9282 2633 8895 1209 2570 1208 8482 3504 
7542 5498 8792 9717 2727 9328 9751 4981 2439 649 2887 7674 7203 4728 9051 4292 7628 3181 408 6426 300 6750 8867 4968 3931 4677 8392 8842 5438 4845 2028 4316 4901 6500 9879 4266 5515 9173 6249 1128 5161 2749 621 3640 4737 4116 8769 4762 2608 1554 5634 3424 9759 7876 9448 4840 4344 2668 449 5301 1238 3074 3403 1963 1112 3596 9263 5501 5299 3271 9358 4337 192 6548 7705 8958 7584 7989 2458 6980 6992 5606 3756 248 3825 4949 2141 6915 9229 2907 2170 2509 5300 459 6349 6670 5063 433 9102 3617 
8040 386 7936 7894 5397 9906 2351 8476 8918 5049 6292 571 5660 5638 9814 5214 9347 9564 3288 3342 6684 724 7308 8593 9370 178 4166 9267 1226 2647 5825 2490 66 4690 3064 3475 1789 6713 4986 6096 4010 913 7798 38 3142 4114 2429 8645 675 6761 8433 4944 8471 2579 986 6168 8618 8863 9160 7147 7790 5347 3476 5101 4065 8814 5646 6164 5745 828 3988 3632 6773 9534 8877 9865 1503 7901 9438 3033 1016 1401 3711 9889 2955 4732 8056 2484 2369 8799 7213 9753 2393 5710 4858 391 7092 4409 8904 8810 
8674 149 4041 174 9568 7329 2177 8741 97 8291 1224 924 153 2682 6772 2136 4680 5348 1200 4861 2662 5522 6341 1374 381 9959 4177 9908 4917 5153 4209 2266 7998 4308 7691 9575 2917 9871 2096 6190 8240 1566 3059 3098 9778 207 6707 6530 7085 7847 9800 4568 4700 1030 8229 4935 3665 3324 3553 9547 218 2807 4991 8668 8989 2043 4432 1012 8558 4450 3984 5430 7871 5424 1617 829 8556 4131 8312 7276 7452 5999 7171 995 4928 8559 2563 5468 126 4960 5958 3401 4326 9923 4032 7939 3400 5065 8937 9507 
7038 7012 3290 9226 6005 4945 7827 7773 9153 7483 8378 9304 7850 7879 4789 9861 4293 7535 8795 5100 6636 486 4833 8696 7022 108 5416 9286 610 2258 4841 9611 6484 7586 9132 8271 7151 7710 7612 701 4399 6802 5836 55 5197 2407 6552 3031 4429 8272 4046 354 2859 3682 8695 3951 6842 5486 6267 6429 1435 6036 1039 978 1347 8386 2344 9114 4923 337 9645 3030 9035 1645 4920 5485 4455 2543 4421 2812 6480 83 6837 6240 1635 9867 7508 8191 2893 2284 4730 8390 84 5020 3384 3121 5895 4587 5877 4342 
2274 8493 7591 6230 8776 745 6098 401 5102 1912 8049 4238 6758 8508 9536 1279 3582 334 7624 7914 4614 3937 6742 2721 6950 3309 5412 7664 5418 148 5156 5371 6514 7157 3679 8454 7428 9821 7303 1550 1447 1750 8302 2653 3975 1241 1227 3245 9870 2420 8287 5035 5373 4782 2626 650 1979 4039 152 95 2198 456 3361 5386 8065 6213 1313 682 6395 6166 6891 7581 1454 5594 4681 4904 3755 4469 4516 1582 9204 4716 4527 6035 1480 6410 6795 3519 826 1873 7893 1701 4878 4738 5108 8615 2370 8711 8993 3732 
1918 8093 4958 5295 886 6866 7495 6526 5094 3268 5130 6616 3585 5126 1885 5163 6227 8355 3061 4596 4407 878 909 711 2213 8506 9755 2512 2839 3648 4440 46 8262 7843 8088 7426 1155 1386 5684 6248 2609 8086 9960 9167 2841 8134 5392 1935 1990 6635 1074 518 1517 7387 4229 3628 8566 6634 9920 9766 4675 4139 7023 2648 6062 7206 6002 7199 6615 1336 2619 9393 2866 5032 8166 7719 7539 8913 3567 2474 5188 1690 9095 1379 1000 3192 7261 6271 5753 9000 2894 3387 1332 4063 1378 8470 5087 7806 1944 7165 
1871 8114 1043 9266 7735 1421 7775 387 927 289 4307 6323 5253 1614 9463 1746 131 112 8105 2691 2398 2825 8343 2110 5856 1210 6639 6020 5400 8232 1466 906 3297 6270 3571 1820 3454 7973 2447 3133 7563 4875 4669 2741 2345 8861 6828 7644 8399 3416 4210 1053 494 2355 2977 5465 8777 4313 129 631 9771 1364 4693 7245 6928 5804 1870 7684 5119 849 9006 3492 6531 5676 2320 6743 7076 3833 2169 4743 6659 6499 8305 4364 9523 982 694 5265 8206 9598 5728 1059 6013 8956 8948 8796 3166 5528 4140 503 
